0.000000000000000000e+00 1.000000000000000000e+00 1.000000000000000000e+00
2.500000000000000000e+03 9.997225003492059558e-01 9.997205247825450281e-01
5.000000000000000000e+03 9.988978772754386615e-01 9.988822553429744788e-01
7.500000000000000000e+03 9.975377600766578423e-01 9.974856602323561861e-01
1.000000000000000000e+04 9.956535194989455384e-01 9.955315200781346130e-01
1.250000000000000000e+04 9.932562545569063595e-01 9.930209271477987709e-01
1.500000000000000000e+04 9.903567821632847101e-01 9.899552847383590315e-01
1.750000000000000000e+04 9.869656293802729907e-01 9.863363063919734497e-01
2.000000000000000000e+04 9.830930281092123968e-01 9.821660149381625793e-01
2.250000000000000000e+04 9.787489120405672427e-01 9.774467413631483526e-01
2.500000000000000000e+04 9.739429156919565678e-01 9.721811235069477419e-01
2.750000000000000000e+04 9.686843753684907243e-01 9.663721045889518413e-01
3.000000000000000000e+04 9.629823318865103898e-01 9.600229315628111548e-01
3.250000000000000000e+04 9.568455349089260986e-01 9.531371533015497999e-01
3.500000000000000000e+04 9.502824487475773907e-01 9.457186186139218131e-01
3.750000000000000000e+04 9.433012594952787655e-01 9.377714740931171189e-01
4.000000000000000000e+04 9.359098833573838983e-01 9.293001617990220842e-01
4.250000000000000000e+04 9.281159760597301744e-01 9.203094167753275157e-01
4.500000000000000000e+04 9.199269432166410354e-01 9.108042644028746526e-01
4.750000000000000000e+04 9.113499515492221592e-01 9.007900175907160856e-01
5.000000000000000000e+04 9.023919408504602613e-01 8.902722738064624552e-01
5.250000000000000000e+04 8.930596365995717711e-01 8.792569119475767137e-01
5.500000000000000000e+04 8.833595631336554899e-01 8.677500890553603297e-01
5.750000000000000000e+04 8.732980572899555760e-01 8.557582368734730771e-01
6.000000000000000000e+04 8.628812824369344048e-01 8.432880582529078684e-01
6.250000000000000000e+04 8.521152428168986548e-01 8.303465234054275834e-01
6.500000000000000000e+04 8.410057981271096272e-01 8.169408660075641038e-01
6.750000000000000000e+04 8.295586782701753759e-01 8.030785791573498145e-01
7.000000000000000000e+04 8.177794982080494046e-01 7.887674111860489834e-01
7.250000000000000000e+04 8.056737728572012092e-01 7.740153613272229283e-01
7.500000000000000000e+04 7.932469319654789075e-01 7.588306752455556969e-01
7.750000000000000000e+04 7.805043349138743869e-01 7.432218404279372637e-01
8.000000000000000000e+04 7.674512853888757480e-01 7.271975814393771831e-01
8.250000000000000000e+04 7.540930458733406949e-01 7.107668550464056878e-01
8.500000000000000000e+04 7.404348519059142930e-01 6.939388452106868277e-01
8.750000000000000000e+04 7.264819260609398643e-01 6.767229579556365282e-01
9.000000000000000000e+04 7.122394916026222322e-01 6.591288161089230435e-01
9.250000000000000000e+04 6.977127857689207069e-01 6.411662539237842351e-01
9.500000000000000000e+04 6.829070726422936666e-01 6.228453115821647179e-01
9.750000000000000000e+04 6.678276555660375147e-01 6.041762295827551865e-01
1.000000000000000000e+05 6.524798890665537421e-01 5.851694430170577554e-01
1.025000000000000000e+05 6.368691902435001939e-01 5.658355757366902994e-01
1.050000000000000000e+05 6.210010495914327633e-01 5.461854344151773066e-01
1.075000000000000000e+05 6.048810412182549223e-01 5.262300025075560272e-01
1.100000000000000000e+05 5.885148324275943921e-01 5.059804341111709958e-01
1.125000000000000000e+05 5.719081926341131883e-01 4.854480477310835762e-01
1.150000000000000000e+05 5.550670015827778858e-01 4.646443199535902902e-01
1.175000000000000000e+05 5.379972568452540127e-01 4.435808790313809369e-01
1.200000000000000000e+05 5.207050805688817618e-01 4.222694983839192506e-01
1.225000000000000000e+05 5.031967254561228176e-01 4.007220900166862387e-01
1.250000000000000000e+05 4.854785799549710124e-01 3.789506978629604284e-01
1.275000000000000000e+05 4.675571726435726050e-01 3.569674910518551014e-01
1.300000000000000000e+05 4.494391757952261868e-01 3.347847571063776173e-01
1.325000000000000000e+05 4.311314081130121489e-01 3.124148950753138920e-01
1.350000000000000000e+05 4.126408366265332250e-01 2.898704086027759641e-01
1.375000000000000000e+05 3.939745777466235888e-01 2.671638989392819408e-01
1.400000000000000000e+05 3.751398974773992867e-01 2.443080578982831375e-01
1.425000000000000000e+05 3.561442107886458319e-01 2.213156607620705429e-01
1.450000000000000000e+05 3.369950801552718533e-01 1.981995591410226076e-01
1.475000000000000000e+05 3.177002132743623197e-01 1.749726737901934059e-01
1.500000000000000000e+05 2.982674599742375365e-01 1.516479873872518258e-01
1.525000000000000000e+05 2.787048083338182214e-01 1.282385372758078068e-01
1.550000000000000000e+05 2.590203800345096119e-01 1.047574081781803834e-01
1.575000000000000000e+05 2.392224249706999817e-01 8.121772488169172466e-02
1.600000000000000000e+05 2.193193151488037340e-01 5.763264490255848999e-02
1.625000000000000000e+05 1.993195379085355712e-01 3.401535113149196238e-02
1.650000000000000000e+05 1.792316885037445184e-01 1.037904446511642848e-02
1.675000000000000000e+05 1.590644620836373369e-01 -1.326306357267638576e-02
1.700000000000000000e+05 1.388266451185463379e-01 -3.689775821531701694e-02
1.725000000000000000e+05 1.185271063175309253e-01 -6.051182883995643441e-02
1.750000000000000000e+05 9.817478708799158571e-02 -8.409207635154812566e-02
1.775000000000000000e+05 7.777869159011642497e-02 -1.076253205604906366e-01
1.800000000000000000e+05 5.734787644134510531e-02 -1.310984075496990087e-01
1.825000000000000000e+05 3.689144012807606815e-02 -1.544982170269914579e-01
1.850000000000000000e+05 1.641851218358923725e-02 -1.778116696586829748e-01
1.875000000000000000e+05 -4.061757807471088298e-03 -2.010257343802875907e-01
1.900000000000000000e+05 -2.454021131665530542e-02 -2.241274356802322454e-01
1.925000000000000000e+05 -4.500769202925724438e-02 -2.471038608525277791e-01
1.950000000000000000e+05 -6.545505698948865525e-02 -2.699421672143318407e-01
1.975000000000000000e+05 -8.587318767099477723e-02 -2.926295892843713831e-01
2.000000000000000000e+05 -1.062530009108752505e-01 -3.151534459182124825e-01
2.025000000000000000e+05 -1.265854596461857828e-01 -3.375011473963941966e-01
2.050000000000000000e+05 -1.468615833930794756e-01 -3.596602024614565796e-01
2.075000000000000000e+05 -1.670724584102691035e-01 -3.816182252999328894e-01
2.100000000000000000e+05 -1.872092474903529757e-01 -4.033629424654082696e-01
2.125000000000000000e+05 -2.072631993247260607e-01 -4.248821997387664529e-01
2.150000000000000000e+05 -2.272256573902704524e-01 -4.461639689217947180e-01
2.175000000000000000e+05 -2.470880683087612883e-01 -4.671963545603534662e-01
2.200000000000000000e+05 -2.668419896329194962e-01 -4.879676005933419880e-01
2.225000000000000000e+05 -2.864790970162494621e-01 -5.084660969237568828e-01
2.250000000000000000e+05 -3.059911907272034326e-01 -5.286803859081596890e-01
2.275000000000000000e+05 -3.253702014717734237e-01 -5.485991687609304002e-01
2.300000000000000000e+05 -3.446081954923012058e-01 -5.682113118697312837e-01
2.325000000000000000e+05 -3.636973789140894864e-01 -5.875058530186415551e-01
2.350000000000000000e+05 -3.826301013152572650e-01 -6.064720075154949042e-01
2.375000000000000000e+05 -4.013988584991716180e-01 -6.250991742199870638e-01
2.400000000000000000e+05 -4.199962944527079745e-01 -6.433769414691868915e-01
2.425000000000000000e+05 -4.384152024774718437e-01 -6.612950928971417230e-01
2.450000000000000000e+05 -4.566485254849650954e-01 -6.788436131453176037e-01
2.475000000000000000e+05 -4.746893554504608703e-01 -6.960126934606901683e-01
2.500000000000000000e+05 -4.925309320240397470e-01 -7.127927371783502331e-01
2.525000000000000000e+05 -5.101666403008262574e-01 -7.291743650855635472e-01
2.550000000000000000e+05 -5.275900077559197987e-01 -7.451484206642875474e-01
2.575000000000000000e+05 -5.447947003528424981e-01 -7.607059752092086846e-01
2.600000000000000000e+05 -5.617745178374917714e-01 -7.758383328184474959e-01
2.625000000000000000e+05 -5.785233882326078492e-01 -7.905370352541382095e-01
2.650000000000000000e+05 -5.950353615506197569e-01 -8.047938666701611732e-01
2.675000000000000000e+05 -6.113046027454325237e-01 -8.186008582043955428e-01
2.700000000000000000e+05 -6.273253839262458165e-01 -8.319502924329194027e-01
2.725000000000000000e+05 -6.430920758588745123e-01 -8.448347076836645320e-01
2.750000000000000000e+05 -6.585991387822747178e-01 -8.572469022071222966e-01
2.775000000000000000e+05 -6.738411125700612958e-01 -8.691799382017667552e-01
2.800000000000000000e+05 -6.888126062687720541e-01 -8.806271456919383400e-01
2.825000000000000000e+05 -7.035082870464890448e-01 -8.915821262560313931e-01
2.850000000000000000e+05 -7.179228685871816840e-01 -9.020387566028962301e-01
2.875000000000000000e+05 -7.320510989678301605e-01 -9.119911919944522216e-01
2.900000000000000000e+05 -7.458877480570170748e-01 -9.214338695126086387e-01
2.925000000000000000e+05 -7.594275944752875152e-01 -9.303615111686605044e-01
2.950000000000000000e+05 -7.726654121591703950e-01 -9.387691268534211764e-01
2.975000000000000000e+05 -7.855959565723931171e-01 -9.466520171264467542e-01
3.000000000000000000e+05 -7.982139506094736436e-01 -9.540057758427918921e-01
3.025000000000000000e+05 -8.105140702386467444e-01 -9.608262926158224193e-01
3.050000000000000000e+05 -8.224909299329163925e-01 -9.671097551147225246e-01
3.075000000000000000e+05 -8.341390679400212393e-01 -9.728526511953961009e-01
3.100000000000000000e+05 -8.454529314442528198e-01 -9.780517708635801943e-01
3.125000000000000000e+05 -8.564268616753896168e-01 -9.827042080690757686e-01
3.150000000000000000e+05 -8.670550790225819426e-01 -9.868073623300837038e-01
3.175000000000000000e+05 -8.773316682138022626e-01 -9.903589401867445297e-01
3.200000000000000000e+05 -8.872505636245493488e-01 -9.933569564830712073e-01
3.225000000000000000e+05 -8.968055347828388646e-01 -9.957997354765508735e-01
3.250000000000000000e+05 -9.059901721411832698e-01 -9.976859117748025918e-01
3.275000000000000000e+05 -9.147978731902448590e-01 -9.990144310987644216e-01
3.300000000000000000e+05 -9.232218289931818367e-01 -9.997845508719822583e-01
3.325000000000000000e+05 -9.312550112243834777e-01 -9.999958406356740381e-01
3.350000000000000000e+05 -9.388901598013326133e-01 -9.996481822893342750e-01
3.375000000000000000e+05 -9.461197712037183738e-01 -9.987417701567470329e-01
3.400000000000000000e+05 -9.529360875796717423e-01 -9.972771108773680337e-01
3.425000000000000000e+05 -9.593310867450643986e-01 -9.952550231231382938e-01
3.450000000000000000e+05 -9.652964731882024418e-01 -9.926766371408876077e-01
3.475000000000000000e+05 -9.708236701989122475e-01 -9.895433941205822315e-01
3.500000000000000000e+05 -9.759038132479254113e-01 -9.858570453897708141e-01
3.525000000000000000e+05 -9.805277447495566179e-01 -9.816196514346796631e-01
3.550000000000000000e+05 -9.846860103478797255e-01 -9.768335807485032385e-01
3.575000000000000000e+05 -9.883688568738550062e-01 -9.715015085075325851e-01
3.600000000000000000e+05 -9.915662321280457325e-01 -9.656264150758659959e-01
3.625000000000000000e+05 -9.942677866505827966e-01 -9.592115843395325747e-01
3.650000000000000000e+05 -9.964628776467472360e-01 -9.522606018709612874e-01
3.675000000000000000e+05 -9.981405752428044176e-01 -9.447773529248272295e-01
3.700000000000000000e+05 -9.992896712523624547e-01 -9.367660202663827818e-01
3.725000000000000000e+05 -9.998986906383540152e-01 -9.282310818335010039e-01
3.750000000000000000e+05 -9.999559058595394179e-01 -9.191773082337321155e-01
3.775000000000000000e+05 -9.994493542929655527e-01 -9.096097600777662828e-01
3.800000000000000000e+05 -9.983668589248366754e-01 -8.995337851508067306e-01
3.825000000000000000e+05 -9.966960525014739725e-01 -8.889550154234212576e-01
3.850000000000000000e+05 -9.944244053291756424e-01 -8.778793639035491481e-01
3.875000000000000000e+05 -9.915392569065076822e-01 -8.663130213314247374e-01
3.900000000000000000e+05 -9.880278515645448678e-01 -8.542624527192593797e-01
3.925000000000000000e+05 -9.838773782794837386e-01 -8.417343937376189356e-01
3.950000000000000000e+05 -9.790750148075343384e-01 -8.287358469505202718e-01
3.975000000000000000e+05 -9.736079762737054333e-01 -8.152740779013435413e-01
4.000000000000000000e+05 -9.674635683236965100e-01 -8.013566110517525987e-01
4.025000000000000000e+05 -9.606292449212788798e-01 -7.869912255758964026e-01
4.050000000000000000e+05 -9.530926708419849014e-01 -7.721859510122347503e-01
4.075000000000000000e+05 -9.448417888773784634e-01 -7.569490627754229539e-01
4.100000000000000000e+05 -9.358648917224425823e-01 -7.412890775307681146e-01
4.125000000000000000e+05 -9.261506984715505153e-01 -7.252147484338340444e-01
4.150000000000000000e+05 -9.156884355960298594e-01 -7.087350602378592601e-01
4.175000000000000000e+05 -9.044679222185164624e-01 -6.918592242717286345e-01
4.200000000000000000e+05 -8.924796594362875979e-01 -6.745966732912954678e-01
4.225000000000000000e+05 -8.797149233778309707e-01 -6.569570562069366737e-01
4.250000000000000000e+05 -8.661658616044976000e-01 -6.389502326902939400e-01
4.275000000000000000e+05 -8.518255923927637863e-01 -6.205862676632031283e-01
4.300000000000000000e+05 -8.366883063531787013e-01 -6.018754256719035522e-01
4.325000000000000000e+05 -8.207493697604463234e-01 -5.828281651496622917e-01
4.350000000000000000e+05 -8.040054288863974774e-01 -5.634551325710329683e-01
4.375000000000000000e+05 -7.864545145452107588e-01 -5.437671565010014918e-01
4.400000000000000000e+05 -7.680961459796464830e-01 -5.237752415423533314e-01
4.425000000000000000e+05 -7.489314331399405944e-01 -5.034905621846500479e-01
4.450000000000000000e+05 -7.289631763352608651e-01 -4.829244565582413440e-01
4.475000000000000000e+05 -7.081959621731845900e-01 -4.620884200968100042e-01
4.500000000000000000e+05 -6.866362546476505457e-01 -4.409940991119987164e-01
4.525000000000000000e+05 -6.642924801923592026e-01 -4.196532842836960264e-01
4.550000000000000000e+05 -6.411751054867960153e-01 -3.980779040696324489e-01
4.575000000000000000e+05 -6.172967067880076319e-01 -3.762800180379602955e-01
4.600000000000000000e+05 -5.926720295649081649e-01 -3.542718101265578401e-01
4.625000000000000000e+05 -5.673180372349789780e-01 -3.320655818328097086e-01
4.650000000000000000e+05 -5.412539478472293553e-01 -3.096737453376767202e-01
4.675000000000000000e+05 -5.145012576213227051e-01 -2.871088165679069881e-01
4.700000000000000000e+05 -4.870837503415391678e-01 -2.643834082002510244e-01
4.725000000000000000e+05 -4.590274917159422041e-01 -2.415102226115977135e-01
4.750000000000000000e+05 -4.303608079454277480e-01 -2.185020447789804421e-01
4.775000000000000000e+05 -4.011142479032549502e-01 -1.953717351334052499e-01
4.800000000000000000e+05 -3.713205285017084356e-01 -1.721322223715089916e-01
4.825000000000000000e+05 -3.410144630164603230e-01 -1.487964962290553028e-01
4.850000000000000000e+05 -3.102328723481823092e-01 -1.253776002203213225e-01
4.875000000000000000e+05 -2.790144794216188884e-01 -1.018886243474170922e-01
4.900000000000000000e+05 -2.473997871507358504e-01 -7.834269778362061565e-02
4.925000000000000000e+05 -2.154309406302891139e-01 -5.475298153482597435e-02
4.950000000000000000e+05 -1.831515744446008953e-01 -3.113266108319072065e-02
4.975000000000000000e+05 -1.506066462084534874e-01 -7.494939017102218888e-03
5.000000000000000000e+05 -1.178422576679383077e-01 1.614697234840951207e-02
5.025000000000000000e+05 -8.490546488584777007e-02 3.977985835670373727e-02
5.050000000000000000e+05 -5.184407921214916060e-02 6.339050939586970967e-02
5.075000000000000000e+05 -1.870646089093887243e-02 8.696572828223969598e-02
5.100000000000000000e+05 1.445869272266642885e-02 1.104923376369640747e-01
5.125000000000000000e+05 4.760256227209783142e-02 1.339571872515111783e-01
5.150000000000000000e+05 8.067642271575402313e-02 1.573471614379856054e-01
5.175000000000000000e+05 1.136318587103085642e-01 1.806491863601424330e-01
5.200000000000000000e+05 1.464209769366783820e-01 2.038502373410162605e-01
5.225000000000000000e+05 1.789966132959307232e-01 2.269373461430727046e-01
5.250000000000000000e+05 2.113125329882830916e-01 2.498976082168052060e-01
5.275000000000000000e+05 2.433236216064910418e-01 2.727181899137410825e-01
5.300000000000000000e+05 2.749860655222686190e-01 2.953863356598177003e-01
5.325000000000000000e+05 3.062575200173554557e-01 3.178893750851107813e-01
5.350000000000000000e+05 3.370972638052018855e-01 3.402147301059459950e-01
5.375000000000000000e+05 3.674663388003359676e-01 3.623499219554265349e-01
5.400000000000000000e+05 3.973276742154783769e-01 3.842825781584405243e-01
5.425000000000000000e+05 4.266461942963545861e-01 4.060004394472644940e-01
5.450000000000000000e+05 4.553889092360013935e-01 4.274913666138850377e-01
5.475000000000000000e+05 4.835249890394485162e-01 4.487433472952173097e-01
5.500000000000000000e+05 5.110258203315255487e-01 4.697445026874159657e-01
5.525000000000000000e+05 5.378650463112337743e-01 4.904830941855401472e-01
5.550000000000000000e+05 5.640185902521472894e-01 5.109475299448541508e-01
5.575000000000000000e+05 5.894646631267593806e-01 5.311263713600893333e-01
5.600000000000000000e+05 6.141837560913220306e-01 5.510083394590599148e-01
5.625000000000000000e+05 6.381586187048435832e-01 5.705823212070515460e-01
5.650000000000000000e+05 6.613742238705448973e-01 5.898373757184526278e-01
5.675000000000000000e+05 6.838177205797875136e-01 6.087627403721690422e-01
5.700000000000000000e+05 7.054783756073844669e-01 6.273478368273982531e-01
5.725000000000000000e+05 7.263475053539987236e-01 6.455822769363929181e-01
5.750000000000000000e+05 7.464183990570074645e-01 6.634558685509237552e-01
5.775000000000000000e+05 7.656862345972651474e-01 6.809586212191839349e-01
5.800000000000000000e+05 7.841479881173163413e-01 6.980807517699586517e-01
5.825000000000000000e+05 8.018023386386976536e-01 7.148126897809292668e-01
5.850000000000000000e+05 8.186495688241473001e-01 7.311450829280670138e-01
5.875000000000000000e+05 8.346914629768728000e-01 7.470688022131206640e-01
5.900000000000000000e+05 8.499312033056821702e-01 7.625749470662694929e-01
5.925000000000000000e+05 8.643732654138620575e-01 7.776548503211035968e-01
5.950000000000000000e+05 8.780233138931481385e-01 7.923000830591415689e-01
5.975000000000000000e+05 8.908880988238907506e-01 8.065024593211744808e-01
6.000000000000000000e+05 9.029753539002536300e-01 8.202540406828138231e-01
6.025000000000000000e+05 9.142936968165635836e-01 8.335471406916764581e-01
6.050000000000000000e+05 9.248525324690894944e-01 8.463743291637320088e-01
6.075000000000000000e+05 9.346619594477414417e-01 8.587284363364049433e-01
6.100000000000000000e+05 9.437326802154201166e-01 8.706025568761175393e-01
6.125000000000000000e+05 9.520759152997905206e-01 8.819900537380310768e-01
6.150000000000000000e+05 9.597033217537302985e-01 8.928845618758214364e-01
6.175000000000000000e+05 9.666269160770361024e-01 9.032799917994266403e-01
6.200000000000000000e+05 9.728590017334903806e-01 9.131705329787704883e-01
6.225000000000000000e+05 9.784121013442387271e-01 9.225506570915589233e-01
6.250000000000000000e+05 9.832988935906731287e-01 9.314151211133392394e-01
6.275000000000000000e+05 9.875321548175984843e-01 9.397589702480918517e-01
6.300000000000000000e+05 9.911247052902631971e-01 9.475775406977138271e-01
6.325000000000000000e+05 9.940893600266449415e-01 9.548664622688518566e-01
6.350000000000000000e+05 9.964388840989596430e-01 9.616216608156237244e-01
6.375000000000000000e+05 9.981859522754127356e-01 9.678393605168640335e-01
6.400000000000000000e+05 9.993431128544122410e-01 9.735160859866204275e-01
6.425000000000000000e+05 9.999227555284802005e-01 9.786486642167226968e-01
6.450000000000000000e+05 9.999370831035883089e-01 9.832342263503371926e-01
6.475000000000000000e+05 9.993980868912507587e-01 9.872702092855147882e-01
6.500000000000000000e+05 9.983175255851002294e-01 9.907543571078384348e-01
6.525000000000000000e+05 9.967069074305123788e-01 9.936847223513680660e-01
6.550000000000000000e+05 9.945774754948170093e-01 9.960596670871758596e-01
6.575000000000000000e+05 9.919401958464397762e-01 9.978778638388690059e-01
6.600000000000000000e+05 9.888057484536756370e-01 9.991382963245826199e-01
6.625000000000000000e+05 9.851845206174473235e-01 9.998402600250303474e-01
6.650000000000000000e+05 9.810866027571072401e-01 9.999833625772965862e-01
6.675000000000000000e+05 9.765217863738880899e-01 9.995675239941476109e-01
6.700000000000000000e+05 9.714995640228025753e-01 9.985929767087402542e-01
6.725000000000000000e+05 9.660291311304539663e-01 9.970602654447034974e-01
6.750000000000000000e+05 9.601193895032043013e-01 9.949702469116651349e-01
6.775000000000000000e+05 9.537789523773274603e-01 9.923240893263929330e-01
6.800000000000000000e+05 9.470161508700081221e-01 9.891232717598200663e-01
6.825000000000000000e+05 9.398390416972790540e-01 9.853695833103177648e-01
6.850000000000000000e+05 9.322554160320853933e-01 9.810651221036771341e-01
6.875000000000000000e+05 9.242728093826103608e-01 9.762122941203617010e-01
6.900000000000000000e+05 9.158985123776913762e-01 9.708138118506833836e-01
6.925000000000000000e+05 9.071395823525809643e-01 9.648726927786540619e-01
6.950000000000000000e+05 8.980028556344270552e-01 9.583922576953634032e-01
6.975000000000000000e+05 8.884949604326229933e-01 9.513761288428200791e-01
7.000000000000000000e+05 8.786223302446309891e-01 9.438282278892971000e-01
7.025000000000000000e+05 8.683912176929466931e-01 9.357527737373152465e-01
7.050000000000000000e+05 8.578077087136106726e-01 9.271542801654841792e-01
7.075000000000000000e+05 8.468777370210482935e-01 9.180375533055264992e-01
7.100000000000000000e+05 8.356070987780372938e-01 9.084076889558845291e-01
7.125000000000000000e+05 8.240014674033251385e-01 8.982700697334257134e-01
7.150000000000000000e+05 8.120664084527943194e-01 8.876303620648229309e-01
7.175000000000000000e+05 7.998073945131767282e-01 8.764945130193048106e-01
7.200000000000000000e+05 7.872298200501486320e-01 8.648687469845374176e-01
7.225000000000000000e+05 7.743390161552226036e-01 8.527595621875039278e-01
7.250000000000000000e+05 7.611402651382078721e-01 8.401737270623113041e-01
7.275000000000000000e+05 7.476388149141899309e-01 8.271182764669781085e-01
7.300000000000000000e+05 7.338398931359855215e-01 8.136005077512918904e-01
7.325000000000000000e+05 7.197487210248971756e-01 7.996279766779551545e-01
7.350000000000000000e+05 7.053705268543437601e-01 7.852084931992870942e-01
7.375000000000000000e+05 6.907105590426491082e-01 7.703501170918501950e-01
7.400000000000000000e+05 6.757740988128633219e-01 7.550611534514329870e-01
7.425000000000000000e+05 6.605664723791350168e-01 7.393501480509105939e-01
7.450000000000000000e+05 6.450930626207246332e-01 7.232258825635844435e-01
7.475000000000000000e+05 6.293593202063947345e-01 7.066973696546612338e-01
7.500000000000000000e+05 6.133707741335885366e-01 6.897738479436186232e-01
7.525000000000000000e+05 5.971330416485638448e-01 6.724647768402784997e-01
7.550000000000000000e+05 5.806518375154752221e-01 6.547798312574630852e-01
7.575000000000000000e+05 5.639329826043618654e-01 6.367288962031960597e-01
7.600000000000000000e+05 5.469824117700688992e-01 6.183220612554766182e-01
7.625000000000000000e+05 5.298061809963319213e-01 5.995696149227026650e-01
7.650000000000000000e+05 5.124104737816205235e-01 5.804820388929101682e-01
7.675000000000000000e+05 4.948016067458463896e-01 5.610700021750197886e-01
7.700000000000000000e+05 4.769860344397224283e-01 5.413443551354001348e-01
7.725000000000000000e+05 4.589703533413823644e-01 5.213161234330415672e-01
7.750000000000000000e+05 4.407613050278756384e-01 5.009965018567645867e-01
7.775000000000000000e+05 4.223657785123121067e-01 4.803968480678847963e-01
7.800000000000000000e+05 4.037908117407100761e-01 4.595286762518497325e-01
7.825000000000000000e+05 3.850435922460786475e-01 4.384036506823684731e-01
7.850000000000000000e+05 3.661314569608009051e-01 4.170335792016738319e-01
7.875000000000000000e+05 3.470618911920823058e-01 3.954304066205123758e-01
7.900000000000000000e+05 3.278425267689959455e-01 3.736062080415937237e-01
7.925000000000000000e+05 3.084811393734817053e-01 3.515731821102036081e-01
7.950000000000000000e+05 2.889856450715733716e-01 3.293436441957702798e-01
7.975000000000000000e+05 2.693640960649886229e-01 3.069300195081805516e-01
8.000000000000000000e+05 2.496246756871682015e-01 2.843448361526998425e-01
8.025000000000000000e+05 2.297756926716783832e-01 2.616007181273872217e-01
8.050000000000000000e+05 2.098255747247017855e-01 2.387103782669044993e-01
8.075000000000000000e+05 1.897828614370602740e-01 2.156866111366703143e-01
8.100000000000000000e+05 1.696561965747695189e-01 1.925422858813369831e-01
8.125000000000000000e+05 1.494543197905751353e-01 1.692903390315734780e-01
8.150000000000000000e+05 1.291860578021169492e-01 1.459437672731822566e-01
8.175000000000000000e+05 1.088603150854458718e-01 1.225156201826012731e-01
8.200000000000000000e+05 8.848606413532869586e-02 9.901899293283421277e-02
8.225000000000000000e+05 6.807233534635266647e-02 7.546701897390477309e-02
8.250000000000000000e+05 4.762820657099566674e-02 5.187286269189674004e-02
8.275000000000000000e+05 2.716279241277940598e-02 2.824971205072882019e-02
8.300000000000000000e+05 6.685233314162704159e-03 4.610771220724063646e-03
8.325000000000000000e+05 -1.379531549993211377e-02 -1.903074680185978806e-02
8.350000000000000000e+05 -3.426969516119597603e-02 -4.266162758024385354e-02
8.375000000000000000e+05 -5.472875431738555979e-02 -6.626866262333620805e-02
8.400000000000000000e+05 -7.516336024976577601e-02 -8.983865676863611593e-02
8.425000000000000000e+05 -9.556440988641398682e-02 -1.133584355576617020e-01
8.450000000000000000e+05 -1.159228406499212549e-01 -1.368148525998316156e-01
8.475000000000000000e+05 -1.362296410789477497e-01 -1.601947969206404809e-01
8.500000000000000000e+05 -1.564758611644982422e-01 -1.834852002900385082e-01
8.525000000000000000e+05 -1.766526223434385368e-01 -2.066730445269348848e-01
8.550000000000000000e+05 -1.967511270937764567e-01 -2.297453687757104734e-01
8.575000000000000000e+05 -2.167626680785911530e-01 -2.526892767506886406e-01
8.600000000000000000e+05 -2.366786367880577835e-01 -2.754919439445299156e-01
8.625000000000000000e+05 -2.564905316319155970e-01 -2.981406247964909495e-01
8.650000000000000000e+05 -2.761899654377875102e-01 -3.206226598165559105e-01
8.675000000000000000e+05 -2.957686723141023100e-01 -3.429254826614744900e-01
8.700000000000000000e+05 -3.152185138398317377e-01 -3.650366271587194289e-01
8.725000000000000000e+05 -3.345314845468757570e-01 -3.869437342744542763e-01
8.750000000000000000e+05 -3.536997166646844160e-01 -4.086345590216307055e-01
8.775000000000000000e+05 -3.727154841005243524e-01 -4.300969773043244460e-01
8.800000000000000000e+05 -3.915712056326818291e-01 -4.513189926944988772e-01
8.825000000000000000e+05 -4.102594472977906248e-01 -4.722887431374235834e-01
8.850000000000000000e+05 -4.287729239574004647e-01 -4.929945075819702205e-01
8.875000000000000000e+05 -4.471045000327315555e-01 -5.134247125320940963e-01
8.900000000000000000e+05 -4.652471894004286401e-01 -5.335679385158546006e-01
8.925000000000000000e+05 -4.831941544458330795e-01 -5.534129264683292915e-01
8.950000000000000000e+05 -5.009387042739382734e-01 -5.729485840248681461e-01
8.975000000000000000e+05 -5.184742920817454470e-01 -5.921639917211867221e-01
9.000000000000000000e+05 -5.357945116990902035e-01 -6.110484090967933657e-01
9.025000000000000000e+05 -5.528930933083070487e-01 -6.295912806983843257e-01
9.050000000000000000e+05 -5.697638983561570392e-01 -6.477822419798148212e-01
9.075000000000000000e+05 -5.864009136744205986e-01 -6.656111250953624658e-01
9.100000000000000000e+05 -6.027982448283130124e-01 -6.830679645830570745e-01
9.125000000000000000e+05 -6.189501087145077296e-01 -7.001430029348763018e-01
9.150000000000000000e+05 -6.348508254330135214e-01 -7.168266960507045926e-01
9.175000000000000000e+05 -6.504948094594460439e-01 -7.331097185730204302e-01
9.200000000000000000e+05 -6.658765601464106121e-01 -7.489829690993041744e-01
9.225000000000000000e+05 -6.809906515847330422e-01 -7.644375752692688097e-01
9.250000000000000000e+05 -6.958317218571835605e-01 -7.794648987240750948e-01
9.275000000000000000e+05 -7.103944617191517708e-01 -7.940565399347436770e-01
9.300000000000000000e+05 -7.246736027424494075e-01 -8.082043428970715482e-01
9.325000000000000000e+05 -7.386639049600802753e-01 -8.219003996904410414e-01
9.350000000000000000e+05 -7.523601440514307015e-01 -8.351370548979518693e-01
9.375000000000000000e+05 -7.657570981089367734e-01 -8.479069098854171704e-01
9.400000000000000000e+05 -7.788495340289033342e-01 -8.602028269368389157e-01
9.425000000000000000e+05 -7.916321935707706370e-01 -8.720179332440344266e-01
9.450000000000000000e+05 -8.040997791308583942e-01 -8.833456247481930035e-01
9.475000000000000000e+05 -8.162469392783908706e-01 -8.941795698312229312e-01
9.500000000000000000e+05 -8.280682541035271349e-01 -9.045137128548088601e-01
9.525000000000000000e+05 -8.395582204291921480e-01 -9.143422775452119122e-01
9.550000000000000000e+05 -8.507112369407129338e-01 -9.236597702219251360e-01
9.575000000000000000e+05 -8.615215892897341021e-01 -9.324609828683633195e-01
9.600000000000000000e+05 -8.719834352315206649e-01 -9.407409960428907425e-01
9.625000000000000000e+05 -8.820907898576997308e-01 -9.484951816285430715e-01
9.650000000000000000e+05 -8.918375109896766739e-01 -9.557192054199135089e-01
9.675000000000000000e+05 -9.012172848014667892e-01 -9.624090295457626842e-01
9.700000000000000000e+05 -9.102236117444892916e-01 -9.685609147259865992e-01
9.725000000000000000e+05 -9.188497928510335200e-01 -9.741714223616871893e-01
9.750000000000000000e+05 -9.270889164975837371e-01 -9.792374164571818751e-01
9.775000000000000000e+05 -9.349338457140669023e-01 -9.837560653728680826e-01
9.800000000000000000e+05 -9.423772061302593261e-01 -9.877248434079686223e-01
9.825000000000000000e+05 -9.494113746561779754e-01 -9.911415322122748561e-01
9.850000000000000000e+05 -9.560284689991652707e-01 -9.940042220260940642e-01
9.875000000000000000e+05 -9.622203381266110078e-01 -9.963113127477092323e-01
9.900000000000000000e+05 -9.679785537897780401e-01 -9.980615148277584003e-01
9.925000000000000000e+05 -9.732944032309860383e-01 -9.992538499900278648e-01
9.950000000000000000e+05 -9.781588832034066039e-01 -9.998876517782598894e-01
9.975000000000000000e+05 -9.825626954398866131e-01 -9.999625659286693891e-01
1.000000000000000000e+06 -9.864962437144445540e-01 -9.994785505679594229e-01
1.002500000000000000e+06 -9.899496326473256058e-01 -9.984358762367263607e-01
1.005000000000000000e+06 -9.929126684116168500e-01 -9.968351257382411790e-01
1.007500000000000000e+06 -9.953748615063185978e-01 -9.946771938126909296e-01
1.010000000000000000e+06 -9.973254317672840541e-01 -9.919632866370643454e-01
1.012500000000000000e+06 -9.987533157934310735e-01 -9.886949211509572510e-01
1.015000000000000000e+06 -9.996471769709064370e-01 -9.848739242086792522e-01
1.017500000000000000e+06 -9.999954182822479165e-01 -9.805024315581337691e-01
1.020000000000000000e+06 -9.997861980908209212e-01 -9.755828866470382943e-01
1.022500000000000000e+06 -9.990074490926561523e-01 -9.701180392571610023e-01
1.025000000000000000e+06 -9.976469006280140883e-01 -9.641109439673271053e-01
1.027500000000000000e+06 -9.956921045432741701e-01 -9.575649584460608210e-01
1.030000000000000000e+06 -9.931304647897670757e-01 -9.504837415748169649e-01
1.032500000000000000e+06 -9.899492709396373602e-01 -9.428712514028451119e-01
1.035000000000000000e+06 -9.861357357893859588e-01 -9.347317429348370732e-01
1.037500000000000000e+06 -9.816770372090650731e-01 -9.260697657525920334e-01
1.040000000000000000e+06 -9.765603643788276500e-01 -9.168901614720226245e-01
1.042500000000000000e+06 -9.707729685343350345e-01 -9.071980610369332343e-01
1.045000000000000000e+06 -9.643022183180540718e-01 -8.969988818510783446e-01
1.047500000000000000e+06 -9.571356598044312713e-01 -8.862983247500992867e-01
1.050000000000000000e+06 -9.492610812330315451e-01 -8.751023708150402758e-01
1.052500000000000000e+06 -9.406665824447312252e-01 -8.634172780292244109e-01
1.055000000000000000e+06 -9.313406489718084602e-01 -8.512495777803452679e-01
1.057500000000000000e+06 -9.212722306831301333e-01 -8.386060712097480607e-01
1.060000000000000000e+06 -9.104508248306337759e-01 -8.254938254109310813e-01
1.062500000000000000e+06 -8.988665632829915264e-01 -8.119201694793851676e-01
1.065000000000000000e+06 -8.865103036669463865e-01 -7.978926904159955313e-01
1.067500000000000000e+06 -8.733737240666921142e-01 -7.834192288862874554e-01
1.070000000000000000e+06 -8.594494208573136840e-01 -7.685078748378766367e-01
1.072500000000000000e+06 -8.447310091703962298e-01 -7.531669629785924247e-01
1.075000000000000000e+06 -8.292132254092837718e-01 -7.374050681177926059e-01
1.077500000000000000e+06 -8.128920311491917294e-01 -7.212310003734623276e-01
1.080000000000000000e+06 -7.957647176746480699e-01 -7.046538002478041074e-01
1.082500000000000000e+06 -7.778300103249837782e-01 -6.876827335740364200e-01
1.085000000000000000e+06 -7.590881717394530881e-01 -6.703272863372561341e-01
1.087500000000000000e+06 -7.395411030187346579e-01 -6.525971593722470487e-01
1.090000000000000000e+06 -7.191924417510494605e-01 -6.345022629411858350e-01
1.092500000000000000e+06 -6.980476557909192081e-01 -6.160527111943009393e-01
1.095000000000000000e+06 -6.761141316287726521e-01 -5.972588165165679808e-01
1.097500000000000000e+06 -6.534012561523766527e-01 -5.781310837635892375e-01
1.100000000000000000e+06 -6.299204905785090736e-01 -5.586802043899045112e-01
1.102500000000000000e+06 -6.056854353274196967e-01 -5.389170504730018685e-01
1.105000000000000000e+06 -5.807118846252959932e-01 -5.188526686363570395e-01
1.107500000000000000e+06 -5.550178696528360600e-01 -4.984982738749221820e-01
1.110000000000000000e+06 -5.286236891123822224e-01 -4.778652432865047039e-01
1.112500000000000000e+06 -5.015519261628317293e-01 -4.569651097125238537e-01
1.115000000000000000e+06 -4.738274507712495476e-01 -4.358095552917289339e-01
1.117500000000000000e+06 -4.454774066526001608e-01 -4.144104049304673798e-01
1.120000000000000000e+06 -4.165311821137631099e-01 -3.927796196931387929e-01
1.122500000000000000e+06 -3.870203642837194424e-01 -3.709292901165572864e-01
1.125000000000000000e+06 -3.569786763966510401e-01 -3.488716294519459971e-01
1.127500000000000000e+06 -3.264418979961579703e-01 -3.266189668383248090e-01
1.130000000000000000e+06 -2.954477681437933656e-01 -3.041837404111377707e-01
1.132500000000000000e+06 -2.640358719399774623e-01 -2.815784903499571334e-01
1.135000000000000000e+06 -2.322475108958971524e-01 -2.588158518691341392e-01
1.137500000000000000e+06 -2.001255579267222640e-01 -2.359085481553455377e-01
1.140000000000000000e+06 -1.677142979645420695e-01 -2.128693832559682697e-01
1.142500000000000000e+06 -1.350592554088186348e-01 -1.897112349222393468e-01
1.145000000000000000e+06 -1.022070098380259001e-01 -1.664470474112450804e-01
1.147500000000000000e+06 -6.920500159355387482e-02 -1.430898242507108176e-01
1.150000000000000000e+06 -3.610132901146545503e-02 -1.196526209706786914e-01
1.152500000000000000e+06 -2.944539215351205108e-03 -9.614853780611863632e-02
1.155000000000000000e+06 3.021658550932174517e-02 -7.259071237453591785e-02
1.157500000000000000e+06 6.333324366474959999e-02 -4.899231233269926017e-02
1.160000000000000000e+06 9.635683068045247657e-02 -2.536652801657876197e-02
1.162500000000000000e+06 1.292391531060668453e-01 -1.726565068591245748e-03
1.165000000000000000e+06 1.619326387531339062e-01 2.191436294369403584e-02
1.167500000000000000e+06 1.943905407497837912e-01 4.554304191327938900e-02
1.170000000000000000e+06 2.265671335737848846e-01 6.914626457978020890e-02
1.172500000000000000e+06 2.584178992618295645e-01 9.271083791162351706e-02
1.175000000000000000e+06 2.898997021529752804e-01 1.162235904802935010e-01
1.177500000000000000e+06 3.209709507078275514e-01 1.396713798225177050e-01
1.180000000000000000e+06 3.515917451479725342e-01 1.630410997862474232e-01
1.182500000000000000e+06 3.817240098775300239e-01 1.863196878563416758e-01
1.185000000000000000e+06 4.113316098755936401e-01 2.094941324558763363e-01
1.187500000000000000e+06 4.403804504797539376e-01 2.325514802189654617e-01
1.190000000000000000e+06 4.688385602120002105e-01 2.554788432310455271e-01
1.192500000000000000e+06 4.966761565244772192e-01 2.782634062325912705e-01
1.195000000000000000e+06 5.238656945596185111e-01 3.008924337822055373e-01
1.197500000000000000e+06 5.503818992232627494e-01 3.233532773750944500e-01
1.200000000000000000e+06 5.762017810573892840e-01 3.456333825129666582e-01
1.202500000000000000e+06 6.013046365683606398e-01 3.677202957213621670e-01
1.205000000000000000e+06 6.256720338151455785e-01 3.896016715105390382e-01
1.207500000000000000e+06 6.492877841885243972e-01 4.112652792759851073e-01
1.210000000000000000e+06 6.721379014160157039e-01 4.326990101347148454e-01
1.212500000000000000e+06 6.942105489081011882e-01 4.538908836935447444e-01
1.215000000000000000e+06 7.154959766196080651e-01 4.748290547455340516e-01
1.217500000000000000e+06 7.359864486366960445e-01 4.955018198908639482e-01
1.220000000000000000e+06 7.556761627160604178e-01 5.158976240784671763e-01
1.222500000000000000e+06 7.745611630002615655e-01 5.360050670647242832e-01
1.225000000000000000e+06 7.926392471133298923e-01 5.558129097856300271e-01
1.227500000000000000e+06 8.099098688060257789e-01 5.753100806388826705e-01
1.230000000000000000e+06 8.263740372724071026e-01 5.944856816723554926e-01
1.232500000000000000e+06 8.420342142008248043e-01 6.133289946755084987e-01
1.235000000000000000e+06 8.568942095552684046e-01 6.318294871703447058e-01
1.237500000000000000e+06 8.709590770091455436e-01 6.499768182985394827e-01
1.240000000000000000e+06 8.842350098750615395e-01 6.677608446014635657e-01
1.242500000000000000e+06 8.967292382927575245e-01 6.851716256898818802e-01
1.245000000000000000e+06 9.084499283546951798e-01 7.021994298001342782e-01
1.247500000000000000e+06 9.194060837663304842e-01 7.188347392337048891e-01
1.250000000000000000e+06 9.296074505571095825e-01 7.350682556771527265e-01
1.252500000000000000e+06 9.390644252797696323e-01 7.508909053994023974e-01
1.255000000000000000e+06 9.477879670604810736e-01 7.662938443235081110e-01
1.257500000000000000e+06 9.557895137914587114e-01 7.812684629700602512e-01
1.260000000000000000e+06 9.630809026914017856e-01 7.958063912694550712e-01
1.262500000000000000e+06 9.696742953978951807e-01 8.098995032403446537e-01
1.265000000000000000e+06 9.755821076999411368e-01 8.235399215316656640e-01
1.267500000000000000e+06 9.808169439682030699e-01 8.367200218256798383e-01
1.270000000000000000e+06 9.853915362953362678e-01 8.494324370995968154e-01
1.272500000000000000e+06 9.893186883188691549e-01 8.616700617433712406e-01
1.275000000000000000e+06 9.926112236643005460e-01 8.734260555313845265e-01
1.277500000000000000e+06 9.952819389161970953e-01 8.846938474457968216e-01
1.280000000000000000e+06 9.973435609998138052e-01 8.954671393494180176e-01
1.282500000000000000e+06 9.988087088348223119e-01 9.057399095060514327e-01
1.285000000000000000e+06 9.996898591057926664e-01 9.155064159463512929e-01
1.287500000000000000e+06 9.999993159807817333e-01 9.247611996772957532e-01
1.290000000000000000e+06 9.997491845993985438e-01 9.334990877334921056e-01
1.292500000000000000e+06 9.989513481446865573e-01 9.417151960686117596e-01
1.295000000000000000e+06 9.976174483087634215e-01 9.494049322853282957e-01
1.297500000000000000e+06 9.957588689600461729e-01 9.565639982022375865e-01
1.300000000000000000e+06 9.933867228197733601e-01 9.631883922563326816e-01
1.302500000000000000e+06 9.905118409571108673e-01 9.692744117396764336e-01
1.305000000000000000e+06 9.871447649151314785e-01 9.748186548690306319e-01
1.307500000000000000e+06 9.832957412841412115e-01 9.798180226872876819e-01
1.310000000000000000e+06 9.789747185439531263e-01 9.842697207956312422e-01
1.312500000000000000e+06 9.741913460025917182e-01 9.881712609154672533e-01
1.315000000000000000e+06 9.689549746653385309e-01 9.915204622792490596e-01
1.317500000000000000e+06 9.632746598748788136e-01 9.943154528494179134e-01
1.320000000000000000e+06 9.571591655703837187e-01 9.965546703647788496e-01
1.322500000000000000e+06 9.506169700205969741e-01 9.982368632137279540e-01
1.325000000000000000e+06 9.436562728932270661e-01 9.993610911338404179e-01
1.327500000000000000e+06 9.362850035301348850e-01 9.999267257374316875e-01
1.330000000000000000e+06 9.285108303048260625e-01 9.999334508627939488e-01
1.332500000000000000e+06 9.203411709455990852e-01 9.993812627509155444e-01
1.335000000000000000e+06 9.117832037142687973e-01 9.982704700475816262e-01
1.337500000000000000e+06 9.028438793366657666e-01 9.966016936308568219e-01
1.340000000000000000e+06 8.935299335870782178e-01 9.943758662640451718e-01
1.342500000000000000e+06 8.838479004344185208e-01 9.915942320743214022e-01
1.345000000000000000e+06 8.738041256631714493e-01 9.882583458573251933e-01
1.347500000000000000e+06 8.634047808870862761e-01 9.843700722081089038e-01
1.350000000000000000e+06 8.526558778781436754e-01 9.799315844789197039e-01
1.352500000000000000e+06 8.415632831375278178e-01 9.749453635644036442e-01
1.355000000000000000e+06 8.301327326392176076e-01 9.694141965149101203e-01
1.357500000000000000e+06 8.183698466803521754e-01 9.633411749786668921e-01
1.360000000000000000e+06 8.062801447757891316e-01 9.567296934737021807e-01
1.362500000000000000e+06 7.938690605372252795e-01 9.495834474904796263e-01
1.365000000000000000e+06 7.811419564799770843e-01 9.419064314262989290e-01
1.367500000000000000e+06 7.681041387029697853e-01 9.337029363526274661e-01
1.370000000000000000e+06 7.547608713897857591e-01 9.249775476166057775e-01
1.372500000000000000e+06 7.411173910806696519e-01 9.157351422780617423e-01
1.375000000000000000e+06 7.271789206673701100e-01 9.059808863834785120e-01
1.377500000000000000e+06 7.129506830644711801e-01 8.957202320784317662e-01
1.380000000000000000e+06 6.984379145126259347e-01 8.849589145601072238e-01
1.382500000000000000e+06 6.836458774707167008e-01 8.737029488716110404e-01
1.385000000000000000e+06 6.685798730556160585e-01 8.619586265398618830e-01
1.387500000000000000e+06 6.532452529897994076e-01 8.497325120589329650e-01
1.390000000000000000e+06 6.376474310186865946e-01 8.370314392208325627e-01
1.392500000000000000e+06 6.217918937612306740e-01 8.238625072957463935e-01
1.395000000000000000e+06 6.056842109589939405e-01 8.102330770639002422e-01
1.397500000000000000e+06 5.893300450907283938e-01 7.961507667012519551e-01
1.400000000000000000e+06 5.727351603213807207e-01 7.816234475213019728e-01
1.402500000000000000e+06 5.559054307564382791e-01 7.666592395754232570e-01
1.405000000000000000e+06 5.388468479746758577e-01 7.512665071141571005e-01
1.407500000000000000e+06 5.215655278146390517e-01 7.354538539120063501e-01
1.410000000000000000e+06 5.040677163926372550e-01 7.192301184583540508e-01
1.412500000000000000e+06 4.863597953325962120e-01 7.026043690171903666e-01
1.415000000000000000e+06 4.684482861908874640e-01 6.855858985583949128e-01
1.417500000000000000e+06 4.503398540621453838e-01 6.681842195634308812e-01
1.420000000000000000e+06 4.320413103551722922e-01 6.504090587083432018e-01
1.422500000000000000e+06 4.135596147312521342e-01 6.322703514270211489e-01
1.425000000000000000e+06 3.949018762005465089e-01 6.137782363577869438e-01
1.427500000000000000e+06 3.760753533757921763e-01 5.949430496764036569e-01
1.430000000000000000e+06 3.570874538860868141e-01 5.757753193186572194e-01
1.432500000000000000e+06 3.379457329573303803e-01 5.562857590957657195e-01
1.435000000000000000e+06 3.186578911696466010e-01 5.364852627058949164e-01
1.437500000000000000e+06 2.992317714060117595e-01 5.163848976451118622e-01
1.440000000000000000e+06 2.796753550101852004e-01 4.959958990212076091e-01
1.442500000000000000e+06 2.599967571759793650e-01 4.753296632738334138e-01
1.445000000000000000e+06 2.402042215937541803e-01 4.543977418044468086e-01
1.447500000000000000e+06 2.203061143838862257e-01 4.332118345196549480e-01
1.450000000000000000e+06 2.003109173507226781e-01 4.117837832915517970e-01
1.452500000000000000e+06 1.802272205941620187e-01 3.901255653386873079e-01
1.455000000000000000e+06 1.600637145195191735e-01 3.682492865314089259e-01
1.457500000000000000e+06 1.398291812896861608e-01 3.461671746252685811e-01
1.460000000000000000e+06 1.195324857667104806e-01 3.238915724263182194e-01
1.462500000000000000e+06 9.918256599283749309e-02 3.014349308920981629e-01
1.465000000000000000e+06 7.878842326372345606e-02 2.788098021721589492e-01
1.467500000000000000e+06 5.835911184887999925e-02 2.560288325920367369e-01
1.470000000000000000e+06 3.790372841648440017e-02 2.331047555845894570e-01
1.472500000000000000e+06 1.743140122146222964e-02 2.100503845726285901e-01
1.475000000000000000e+06 -3.048720882889236969e-03 1.868786058068561406e-01
1.477500000000000000e+06 -2.352747954837539068e-02 1.636023711630943123e-01
1.480000000000000000e+06 -4.399571808843999454e-02 1.402346909028185651e-01
1.482500000000000000e+06 -6.444429262542337999e-02 1.167886264010715019e-01
1.485000000000000000e+06 -8.486408316622554016e-02 9.327728284580676099e-02
1.487500000000000000e+06 -1.052460045445257480e-01 6.971380191272816274e-02
1.490000000000000000e+06 -1.255810171684663135e-01 4.611135441974944377e-02
1.492500000000000000e+06 -1.458601375139131906e-01 2.248313296516529086e-02
1.495000000000000000e+06 -1.660744483048718634e-01 -1.157655446367877611e-03
1.497500000000000000e+06 -1.862151083245217054e-01 -2.479779678588760194e-02
1.500000000000000000e+06 -2.062733618024509274e-01 -4.842407738610726708e-02
1.502500000000000000e+06 -2.262405473261800137e-01 -7.202329132721185800e-02
1.505000000000000000e+06 -2.461081062277617748e-01 -9.558224781830722272e-02
1.507500000000000000e+06 -2.658675903992195888e-01 -1.190877785704131248e-01
1.510000000000000000e+06 -2.855106694938296386e-01 -1.425267451568963950e-01
1.512500000000000000e+06 -3.050291374735844552e-01 -1.658860463571861510e-01
1.515000000000000000e+06 -3.244149184667808883e-01 -1.891526254797190609e-01
1.517500000000000000e+06 -3.436600719033313101e-01 -2.123134776599774898e-01
1.520000000000000000e+06 -3.627567968991897152e-01 -2.353556571295589150e-01
1.522500000000000000e+06 -3.816974358651395449e-01 -2.582662844522292667e-01
1.525000000000000000e+06 -4.004744773191042939e-01 -2.810325537228841597e-01
1.527500000000000000e+06 -4.190805578850028135e-01 -3.036417397254083661e-01
1.530000000000000000e+06 -4.375084634651287274e-01 -3.260812050454613975e-01
1.532500000000000000e+06 -4.557511295768210124e-01 -3.483384071341348864e-01
1.535000000000000000e+06 -4.738016408480169028e-01 -3.704009053186449463e-01
1.537500000000000000e+06 -4.916532296699601678e-01 -3.922563677560361728e-01
1.540000000000000000e+06 -5.092992740089195003e-01 -4.138925783260739566e-01
1.542500000000000000e+06 -5.267332943822622404e-01 -4.352974434594535924e-01
1.545000000000000000e+06 -5.439489500075218587e-01 -4.564589988974899759e-01
1.547500000000000000e+06 -5.609400341363071085e-01 -4.773654163795804095e-01
1.550000000000000000e+06 -5.777004685879234547e-01 -4.980050102545713342e-01
1.552500000000000000e+06 -5.942242975004079497e-01 -5.183662440124932047e-01
1.555000000000000000e+06 -6.105056803194468529e-01 -5.384377367328847530e-01
1.557500000000000000e+06 -6.265388840481117549e-01 -5.582082694461514283e-01
1.560000000000000000e+06 -6.423182747827889116e-01 -5.776667914044468777e-01
1.562500000000000000e+06 -6.578383085628977112e-01 -5.968024262584508133e-01
1.565000000000000000e+06 -6.730935215640652114e-01 -6.156044781367423502e-01
1.567500000000000000e+06 -6.880785196664541692e-01 -6.340624376242468552e-01
1.570000000000000000e+06 -7.027879674317257797e-01 -6.521659876364811481e-01
1.572500000000000000e+06 -7.172165765239417734e-01 -6.699050091862953638e-01
1.575000000000000000e+06 -7.313590936113801844e-01 -6.872695870398738416e-01
1.577500000000000000e+06 -7.452102877878516995e-01 -7.042500152588760942e-01
1.580000000000000000e+06 -7.587649375537752761e-01 -7.208368026255640437e-01
1.582500000000000000e+06 -7.720178173987868320e-01 -7.370206779479253623e-01
1.585000000000000000e+06 -7.849636840293557905e-01 -7.527925952418124123e-01
1.587500000000000000e+06 -7.975972622865074024e-01 -7.681437387871875577e-01
1.590000000000000000e+06 -8.099132308005103642e-01 -7.830655280556987341e-01
1.592500000000000000e+06 -8.219062074312313282e-01 -7.975496225067379985e-01
1.595000000000000000e+06 -8.335707345448403194e-01 -8.115879262494147817e-01
1.597500000000000000e+06 -8.449012641797025713e-01 -8.251725925677489970e-01
1.600000000000000000e+06 -8.558921431565873483e-01 -8.382960283065876705e-01
1.602500000000000000e+06 -8.665375981909081426e-01 -8.509508981158249163e-01
1.605000000000000000e+06 -8.768317210674596573e-01 -8.631301285504715537e-01
1.607500000000000000e+06 -8.867684539411836431e-01 -8.748269120243810093e-01
1.610000000000000000e+06 -8.963415748308142250e-01 -8.860347106153435570e-01
1.612500000000000000e+06 -9.055446833759372982e-01 -8.967472597194624528e-01
1.615000000000000000e+06 -9.143711869319188779e-01 -9.069585715527582748e-01
1.617500000000000000e+06 -9.228142870815142507e-01 -9.166629384980364836e-01
1.620000000000000000e+06 -9.308669666466161674e-01 -9.258549362951783435e-01
1.622500000000000000e+06 -9.385219772886073120e-01 -9.345294270730131192e-01
1.625000000000000000e+06 -9.457718277911832949e-01 -9.426815622211492940e-01
1.627500000000000000e+06 -9.526087731252180779e-01 -9.503067851001014699e-01
1.630000000000000000e+06 -9.590248044012995576e-01 -9.574008335882219223e-01
1.632500000000000000e+06 -9.650116398219543701e-01 -9.639597424640272694e-01
1.635000000000000000e+06 -9.705607167522151135e-01 -9.699798456225455778e-01
1.637500000000000000e+06 -9.756631850340955481e-01 -9.754577781244994084e-01
1.640000000000000000e+06 -9.803099016776111174e-01 -9.803904780771349747e-01
1.642500000000000000e+06 -9.844914270681920376e-01 -9.847751883456664634e-01
1.645000000000000000e+06 -9.881980228375852882e-01 -9.886094580943848298e-01
1.647500000000000000e+06 -9.914196515525285358e-01 -9.918911441565447795e-01
1.650000000000000000e+06 -9.941459783825171703e-01 -9.946184122322950794e-01
1.652500000000000000e+06 -9.963663749147079196e-01 -9.967897379139587510e-01
1.655000000000000000e+06 -9.980699252902990315e-01 -9.984039075381017092e-01
1.657500000000000000e+06 -9.992454348423962518e-01 -9.994600188639106708e-01
1.660000000000000000e+06 -9.998814414202493728e-01 -9.999574815775003067e-01
1.662500000000000000e+06 -9.999662295885940466e-01 -9.998960176218708584e-01
1.665000000000000000e+06 -9.994878478934440258e-01 -9.992756613523269271e-01
1.667500000000000000e+06 -9.984341293867778910e-01 -9.980967595172752782e-01
1.670000000000000000e+06 -9.967927156018834278e-01 -9.963599710644089891e-01
1.672500000000000000e+06 -9.945510841683653513e-01 -9.940662667723900725e-01
1.675000000000000000e+06 -9.916965802506706451e-01 -9.912169287082286395e-01
1.677500000000000000e+06 -9.882164519861181828e-01 -9.878135495106761255e-01
1.680000000000000000e+06 -9.840978900874761681e-01 -9.838580315000147181e-01
1.682500000000000000e+06 -9.793280717608053854e-01 -9.793525856147567987e-01
1.685000000000000000e+06 -9.738942090711723010e-01 -9.742997301758392625e-01
1.687500000000000000e+06 -9.677836018666640117e-01 -9.687022894790066063e-01
1.690000000000000000e+06 -9.609836953445202168e-01 -9.625633922161731526e-01
1.692500000000000000e+06 -9.534821423118711170e-01 -9.558864697266302723e-01
1.695000000000000000e+06 -9.452668701572959353e-01 -9.486752540791089094e-01
1.697500000000000000e+06 -9.363261525079136227e-01 -9.409337759857341332e-01
1.700000000000000000e+06 -9.266486854999329559e-01 -9.326663625490482223e-01
1.702500000000000000e+06 -9.162236685383975399e-01 -9.238776348433923591e-01
1.705000000000000000e+06 -9.050408893642938324e-01 -9.145725053319344600e-01
1.707500000000000000e+06 -8.930908131844579323e-01 -9.047561751208674785e-01
1.710000000000000000e+06 -8.803646755520025957e-01 -8.944341310522263555e-01
1.712500000000000000e+06 -8.668545786127916930e-01 -8.836121426370351362e-01
1.715000000000000000e+06 -8.525535902573397884e-01 -8.722962588304286058e-01
1.717500000000000000e+06 -8.374558456382147353e-01 -8.604928046505750938e-01
1.720000000000000000e+06 -8.215566504314451013e-01 -8.482083776433289035e-01
1.722500000000000000e+06 -8.048525851378043328e-01 -8.354498441945009679e-01
1.725000000000000000e+06 -7.873416096373615503e-01 -8.222243356919149981e-01
1.727500000000000000e+06 -7.690231671299854188e-01 -8.085392445393044802e-01
1.730000000000000000e+06 -7.498982865171650580e-01 -7.944022200243129328e-01
1.732500000000000000e+06 -7.299696822084162928e-01 -7.798211640429497660e-01
1.735000000000000000e+06 -7.092418502707483752e-01 -7.648042266827882463e-01
1.737500000000000000e+06 -6.877211597840862112e-01 -7.493598016675013795e-01
1.740000000000000000e+06 -6.654159382214790419e-01 -7.334965216651732067e-01
1.742500000000000000e+06 -6.423365496423918408e-01 -7.172232534630506029e-01
1.745000000000000000e+06 -6.184954644724997008e-01 -7.005490930114822712e-01
1.747500000000000000e+06 -5.939073196461360782e-01 -6.834833603396943680e-01
1.750000000000000000e+06 -5.685889679096483018e-01 -6.660355943463960315e-01
1.752500000000000000e+06 -5.425595151268187699e-01 -6.482155474679670570e-01
1.755000000000000000e+06 -5.158403444924778425e-01 -6.300331802273654302e-01
1.757500000000000000e+06 -4.884551266480542941e-01 -6.114986556666734963e-01
1.760000000000000000e+06 -4.604298148033377225e-01 -5.926223336664442343e-01
1.762500000000000000e+06 -4.317926241020075273e-01 -5.734147651550806080e-01
1.765000000000000000e+06 -4.025739946233014011e-01 -5.538866862113439593e-01
1.767500000000000000e+06 -3.728065375873488296e-01 -5.340490120634584503e-01
1.770000000000000000e+06 -3.425249645247236407e-01 -5.139128309880229839e-01
1.772500000000000000e+06 -3.117659993791719875e-01 -4.934893981121949436e-01
1.775000000000000000e+06 -2.805682737325814746e-01 -4.727901291226747071e-01
1.777500000000000000e+06 -2.489722055693643077e-01 -4.518265938848540775e-01
1.780000000000000000e+06 -2.170198622291668600e-01 -4.306105099758839594e-01
1.782500000000000000e+06 -1.847548084273870073e-01 -4.091537361350796598e-01
1.785000000000000000e+06 -1.522219404475351756e-01 -3.874682656355175614e-01
1.787500000000000000e+06 -1.194673078231065499e-01 -3.655662195803712766e-01
1.790000000000000000e+06 -8.653792402424410890e-02 -3.434598401277955682e-01
1.792500000000000000e+06 -5.348156784162099581e-02 -3.211614836482129531e-01
1.795000000000000000e+06 -2.034657731210537390e-02 -2.986836138176622302e-01
1.797500000000000000e+06 1.281836184566136246e-02 -2.760387946512675716e-01
1.800000000000000000e+06 4.596443122578592472e-02 -2.532396834805573649e-01
1.802500000000000000e+06 7.904289604215214426e-02 -2.302990238786224442e-01
1.805000000000000000e+06 1.120053206080788427e-01 -2.072296385371381333e-01
1.807500000000000000e+06 1.448037808628129808e-01 -1.840444220990603286e-01
1.810000000000000000e+06 1.773910718687131405e-01 -1.607563339512074752e-01
1.812500000000000000e+06 2.097209082873096875e-01 -1.373783909805851022e-01
1.815000000000000000e+06 2.417481159589220663e-01 -1.139236602985698732e-01
1.817500000000000000e+06 2.734288128565797726e-01 -9.040525193709127161e-02
1.820000000000000000e+06 3.047205778567869672e-01 -6.683631152071722870e-02
1.822500000000000000e+06 3.355826059630114266e-01 -4.323001291895798431e-02
1.825000000000000000e+06 3.659758488282336963e-01 -1.959955088266943438e-02
1.827500000000000000e+06 3.958631396453813345e-01 4.041866331109022874e-03
1.830000000000000000e+06 4.252093017041305156e-01 2.768102434193675521e-02
1.832500000000000000e+06 4.539812401444538459e-01 5.130471003217691034e-02
1.835000000000000000e+06 4.821480166665619294e-01 7.489971893242455825e-02
1.837500000000000000e+06 5.096809071792868240e-01 9.845286260220739716e-02
1.840000000000000000e+06 5.365534425802257479e-01 1.219509760016205813e-01
1.842500000000000000e+06 5.627414330577960033e-01 1.453809248499529361e-01
1.845000000000000000e+06 5.882229764847569653e-01 1.687296129671198019e-01
1.847500000000000000e+06 6.129784516323866228e-01 1.919839895937295315e-01
1.850000000000000000e+06 6.369904970727255922e-01 2.151310566858671003e-01
1.852500000000000000e+06 6.602439767520396074e-01 2.381578761803074262e-01
1.855000000000000000e+06 6.827259333115385243e-01 2.610515772262726464e-01
1.857500000000000000e+06 7.044255303013671199e-01 2.837993633796201953e-01
1.860000000000000000e+06 7.253339844817732196e-01 3.063885197553727346e-01
1.862500000000000000e+06 7.454444894320242376e-01 3.288064201347633553e-01
1.865000000000000000e+06 7.647521316946634951e-01 3.510405340226118165e-01
1.867500000000000000e+06 7.832538006716027734e-01 3.730784336513039423e-01
1.870000000000000000e+06 8.009480934614645609e-01 3.949078009272511403e-01
1.872500000000000000e+06 8.178352157863060246e-01 4.165164343161141813e-01
1.875000000000000000e+06 8.339168801028147282e-01 4.378922556628755958e-01
1.877500000000000000e+06 8.491962019300867137e-01 4.590233169428841742e-01
1.880000000000000000e+06 8.636775953555305696e-01 4.798978069402600188e-01
1.882500000000000000e+06 8.773666686041405871e-01 5.005040578497342851e-01
1.885000000000000000e+06 8.902701204762594189e-01 5.208305517983931043e-01
1.887500000000000000e+06 9.023956383767648415e-01 5.408659272836159326e-01
1.890000000000000000e+06 9.137517985758816241e-01 5.605989855235495867e-01
1.892500000000000000e+06 9.243479692599056996e-01 5.800186967167207941e-01
1.895000000000000000e+06 9.341942168502043176e-01 5.991142062071004304e-01
1.897500000000000000e+06 9.433012159919492712e-01 6.178748405513656561e-01
1.900000000000000000e+06 9.516801635408574933e-01 6.362901134847847029e-01
1.902500000000000000e+06 9.593426968074699746e-01 6.543497317825370807e-01
1.905000000000000000e+06 9.663008162545824176e-01 6.720436010131318749e-01
1.907500000000000000e+06 9.725668127846944788e-01 6.893618311806566368e-01
1.910000000000000000e+06 9.781531997009327295e-01 7.062947422528378372e-01
1.912500000000000000e+06 9.830726493768819907e-01 7.228328695716621510e-01
1.915000000000000000e+06 9.873379346280676261e-01 7.389669691436673293e-01
1.917500000000000000e+06 9.909618747403995398e-01 7.546880228068901797e-01
1.920000000000000000e+06 9.939572860784386954e-01 7.699872432715394455e-01
1.922500000000000000e+06 9.963369371687083031e-01 7.848560790316914115e-01
1.925000000000000000e+06 9.981135081301016898e-01 7.992862191451268750e-01
1.927500000000000000e+06 9.992995543044428386e-01 8.132695978787493063e-01
1.930000000000000000e+06 9.999074739250948252e-01 8.267983992169426477e-01
1.932500000000000000e+06 9.999494796498332727e-01 8.398650612303067975e-01
1.935000000000000000e+06 9.994375737756658884e-01 8.524622803024345385e-01
1.937500000000000000e+06 9.983835269475407337e-01 8.645830152122392365e-01
1.940000000000000000e+06 9.967988601696121664e-01 8.762204910696789195e-01
1.942500000000000000e+06 9.946948299266082927e-01 8.873682031025580397e-01
1.945000000000000000e+06 9.920824162235641897e-01 8.980199202923846435e-01
1.947500000000000000e+06 9.889723133544756628e-01 9.081696888572090565e-01
1.950000000000000000e+06 9.853749232140158743e-01 9.178118355794717687e-01
1.952500000000000000e+06 9.813003509711206718e-01 9.269409709770747297e-01
1.955000000000000000e+06 9.767584029287602609e-01 9.355519923158142070e-01
1.957500000000000000e+06 9.717585864003724927e-01 9.436400864615652750e-01
1.960000000000000000e+06 9.663101114400829417e-01 9.512007325705926775e-01
1.962500000000000000e+06 9.604218942708144802e-01 9.582297046164609533e-01
1.965000000000000000e+06 9.541025622615469937e-01 9.647230737521922395e-01
1.967500000000000000e+06 9.473604603122326440e-01 9.706772105062803080e-01
1.970000000000000000e+06 9.402036585121061885e-01 9.760887868114004329e-01
1.972500000000000000e+06 9.326399609442309613e-01 9.809547778646214855e-01
1.975000000000000000e+06 9.246769155160730058e-01 9.852724638181268313e-01
1.977500000000000000e+06 9.163218247026155838e-01 9.890394312994775783e-01
1.980000000000000000e+06 9.075817570949398227e-01 9.922535747605593093e-01
1.982500000000000000e+06 8.984635596533784296e-01 9.949130976544885430e-01
1.985000000000000000e+06 8.889738705700869215e-01 9.970165134397861451e-01
1.987500000000000000e+06 8.791191326513975168e-01 9.985626464112836720e-01
1.990000000000000000e+06 8.689056071353657984e-01 9.995506323572852514e-01
1.992500000000000000e+06 8.583393878646941033e-01 9.999799190426160722e-01
1.995000000000000000e+06 8.474264157396087516e-01 9.998502665172968040e-01
1.997500000000000000e+06 8.361724933793046599e-01 9.991617472506628683e-01
2.000000000000000000e+06 8.245832999242774797e-01 9.979147460908580625e-01
2.002500000000000000e+06 8.126644059153176336e-01 9.961099600497222983e-01
2.005000000000000000e+06 8.004212881879859687e-01 9.937483979131993550e-01
2.007500000000000000e+06 7.878593447243023018e-01 9.908313796774709248e-01
2.010000000000000000e+06 7.749839094058994515e-01 9.873605358111504637e-01
2.012500000000000000e+06 7.618002666153536051e-01 9.833378063439243144e-01
2.015000000000000000e+06 7.483136656344850923e-01 9.787654397821786700e-01
2.017500000000000000e+06 7.345293347905337278e-01 9.736459918521935819e-01
2.020000000000000000e+06 7.204524953029138867e-01 9.679823240716127764e-01
2.022500000000000000e+06 7.060883747850605907e-01 9.617776021500087369e-01
2.025000000000000000e+06 6.914422203575482095e-01 9.550352942193944816e-01
2.027500000000000000e+06 6.765193113302954142e-01 9.477591688957218707e-01
2.030000000000000000e+06 6.613249714132828361e-01 9.399532931724072782e-01
2.032500000000000000e+06 6.458645804167967297e-01 9.316220301470766740e-01
2.035000000000000000e+06 6.301435854038610618e-01 9.227700365828263029e-01
2.037500000000000000e+06 6.141675112591649111e-01 9.134022603053033595e-01
2.040000000000000000e+06 5.979419706405862955e-01 9.035239374371349941e-01
2.042500000000000000e+06 5.814726732812013354e-01 8.931405894711876847e-01
2.045000000000000000e+06 5.647654346116377511e-01 8.822580201843164271e-01
2.047500000000000000e+06 5.478261836746894931e-01 8.708823123933638888e-01
2.050000000000000000e+06 5.306609703063172034e-01 8.590198245551402545e-01
2.052500000000000000e+06 5.132759715595115457e-01 8.466771872123888265e-01
2.055000000000000000e+06 4.956774973499871173e-01 8.338612992876131003e-01
2.057500000000000000e+06 4.778719953053708336e-01 8.205793242269459054e-01
2.060000000000000000e+06 4.598660548023354444e-01 8.068386859961278468e-01
2.062500000000000000e+06 4.416664101791520913e-01 7.926470649308661187e-01
2.065000000000000000e+06 4.232799431142625912e-01 7.780123934439354683e-01
2.067500000000000000e+06 4.047136841647909766e-01 7.629428515913196929e-01
2.070000000000000000e+06 3.859748134623075533e-01 7.474468624999952571e-01
2.072500000000000000e+06 3.670706605667679034e-01 7.315330876598091780e-01
2.075000000000000000e+06 3.480087034831819137e-01 7.152104220821199343e-01
2.077500000000000000e+06 3.287965668493827431e-01 6.984879893279607455e-01
2.080000000000000000e+06 3.094420193070344105e-01 6.813751364083822093e-01
2.082500000000000000e+06 2.899529700719768455e-01 6.638814285599766718e-01
2.085000000000000000e+06 2.703374647238499517e-01 6.460166438983435677e-01
2.087500000000000000e+06 2.506036802388738605e-01 6.277907679526443241e-01
2.090000000000000000e+06 2.307599192935256283e-01 6.092139880841711541e-01
2.092500000000000000e+06 2.108146038706528169e-01 5.902966877920994282e-01
2.095000000000000000e+06 1.907762682032751733e-01 5.710494409096661395e-01
2.097500000000000000e+06 1.706535510949102608e-01 5.514830056938755387e-01
2.100000000000000000e+06 1.504551876586948389e-01 5.316083188122069370e-01
2.102500000000000000e+06 1.301900005208209976e-01 5.114364892295424347e-01
2.105000000000000000e+06 1.098668905368210408e-01 4.909787919987882443e-01
2.107500000000000000e+06 8.949482707207415122e-02 4.702466619587208907e-01
2.110000000000000000e+06 6.908283790033804828e-02 4.492516873424305945e-01
2.112500000000000000e+06 4.863999877646274506e-02 4.280056033001161664e-01
2.115000000000000000e+06 2.817542274124416185e-02 4.065202853396996385e-01
2.117500000000000000e+06 7.698249218057761842e-03 3.848077426889863761e-01
2.120000000000000000e+06 -1.278236703792089840e-02 3.628801115831469248e-01
2.122500000000000000e+06 -3.325726707617582961e-02 3.407496484811112780e-01
2.125000000000000000e+06 -5.371729891076260088e-02 3.184287232148684255e-01
2.127500000000000000e+06 -7.415332864127720247e-02 2.959298120752901218e-01
2.130000000000000000e+06 -9.455625147278713671e-02 2.732654908385494519e-01
2.132500000000000000e+06 -1.149170025731295341e-01 2.504484277368654865e-01
2.135000000000000000e+06 -1.352265677070770555e-01 2.274913763775687214e-01
2.137500000000000000e+06 -1.554759935880820898e-01 2.044071686145143285e-01
2.140000000000000000e+06 -1.756563978900612943e-01 1.812087073756571964e-01
2.142500000000000000e+06 -1.957589788636573402e-01 1.579089594510029726e-01
2.145000000000000000e+06 -2.157750245036982595e-01 1.345209482447944360e-01
2.147500000000000000e+06 -2.356959212171851892e-01 1.110577464960529337e-01
2.150000000000000000e+06 -2.555131619440276780e-01 8.753246897161441609e-02
2.152500000000000000e+06 -2.752183536857450430e-01 6.395826513556841786e-02
2.155000000000000000e+06 -2.948032244007358638e-01 4.034831179940878004e-02
2.157500000000000000e+06 -3.142596292281382153e-01 1.671580575682808309e-02
2.160000000000000000e+06 -3.335795560059587883e-01 -6.926043592657359603e-03
2.162500000000000000e+06 -3.527551300528416478e-01 -3.056402162705737849e-02
2.165000000000000000e+06 -3.717786181866977180e-01 -5.418491588828345390e-02
2.167500000000000000e+06 -3.906424319573237880e-01 -7.777552346720113807e-02
2.170000000000000000e+06 -4.093391300739704919e-01 -1.013226583834585526e-01
2.172500000000000000e+06 -4.278614200127957012e-01 -1.248131589557462950e-01
2.175000000000000000e+06 -4.462021587929609345e-01 -1.482338951585462083e-01
2.177500000000000000e+06 -4.643543529140026771e-01 -1.715717759611858628e-01
2.180000000000000000e+06 -4.823111574507947252e-01 -1.948137566450267588e-01
2.182500000000000000e+06 -5.000658743061141553e-01 -2.179468460948714714e-01
2.185000000000000000e+06 -5.176119496243365425e-01 -2.409581140603041793e-01
2.187500000000000000e+06 -5.349429703731735097e-01 -2.638346983830809345e-01
2.190000000000000000e+06 -5.520526601036577219e-01 -2.865638121864589327e-01
2.192500000000000000e+06 -5.689348739016674150e-01 -3.091327510223791375e-01
2.195000000000000000e+06 -5.855835925472305803e-01 -3.315288999726772046e-01
2.197500000000000000e+06 -6.019929159006458530e-01 -3.537397407001436345e-01
2.200000000000000000e+06 -6.181570555370642372e-01 -3.757528584457074938e-01
2.202500000000000000e+06 -6.340703266536861227e-01 -3.975559489676243619e-01
2.205000000000000000e+06 -6.497271392759760289e-01 -4.191368254189583031e-01
2.207500000000000000e+06 -6.651219887915197360e-01 -4.404834251594439976e-01
2.210000000000000000e+06 -6.802494458421683987e-01 -4.615838164978598446e-01
2.212500000000000000e+06 -6.951041456070206070e-01 -4.824262053613030399e-01
2.215000000000000000e+06 -7.096807765105979104e-01 -5.029989418874476481e-01
2.217500000000000000e+06 -7.239740683923309161e-01 -5.232905269362588818e-01
2.220000000000000000e+06 -7.379787801750929965e-01 -5.432896185174609371e-01
2.222500000000000000e+06 -7.516896870721792023e-01 -5.629850381301045870e-01
2.225000000000000000e+06 -7.651015673736805134e-01 -5.823657770108435772e-01
2.227500000000000000e+06 -7.782091888548613445e-01 -6.014210022872455985e-01
2.230000000000000000e+06 -7.910072948507658186e-01 -6.201400630328496311e-01
2.232500000000000000e+06 -8.034905900429681891e-01 -6.385124962205218635e-01
2.235000000000000000e+06 -8.156537260062100003e-01 -6.565280325707307796e-01
2.237500000000000000e+06 -8.274912865645280835e-01 -6.741766022916091394e-01
2.240000000000000000e+06 -8.389977730085631524e-01 -6.914483407074253352e-01
2.242500000000000000e+06 -8.501675892279696445e-01 -7.083335937724903886e-01
2.245000000000000000e+06 -8.609950268152255504e-01 -7.248229234672549648e-01
2.247500000000000000e+06 -8.714742501998525848e-01 -7.409071130737100441e-01
2.250000000000000000e+06 -8.815992818749347482e-01 -7.565771723270894311e-01
2.252500000000000000e+06 -8.913639877809961254e-01 -7.718243424409489961e-01
2.255000000000000000e+06 -9.007620629158176184e-01 -7.866401010029318019e-01
2.257500000000000000e+06 -9.097870172425246427e-01 -8.010161667383411954e-01
2.260000000000000000e+06 -9.184321619724492569e-01 -8.149445041389781208e-01
2.262500000000000000e+06 -9.266905963037369576e-01 -8.284173279546032109e-01
2.265000000000000000e+06 -9.345551947014806293e-01 -8.414271075444772485e-01
2.267500000000000000e+06 -9.420185948103898532e-01 -8.539665710866481962e-01
2.270000000000000000e+06 -9.490731860965097022e-01 -8.660287096425079989e-01
2.272500000000000000e+06 -9.557110993204142035e-01 -8.776067810744722086e-01
2.275000000000000000e+06 -9.619241969504939149e-01 -8.886943138144748344e-01
2.277500000000000000e+06 -9.677040646314797323e-01 -8.992851104812656926e-01
2.280000000000000000e+06 -9.730420038301123009e-01 -9.093732513444481302e-01
2.282500000000000000e+06 -9.779290257868689107e-01 -9.189530976332932477e-01
2.285000000000000000e+06 -9.823558469097948276e-01 -9.280192946885571503e-01
2.287500000000000000e+06 -9.863128857537351024e-01 -9.365667749554500432e-01
2.290000000000000000e+06 -9.897902617354907839e-01 -9.445907608161568936e-01
2.292500000000000000e+06 -9.927777957425597544e-01 -9.520867672602960630e-01
2.295000000000000000e+06 -9.952650128000164464e-01 -9.590506043918008983e-01
2.297500000000000000e+06 -9.972411469666382366e-01 -9.654783797708823556e-01
2.300000000000000000e+06 -9.986951486373976117e-01 -9.713665005896946480e-01
2.302500000000000000e+06 -9.996156944347597273e-01 -9.767116756805437339e-01
2.305000000000000000e+06 -9.999911998756397802e-01 -9.815109173554911193e-01
2.307500000000000000e+06 -9.998098350041686455e-01 -9.857615430763124742e-01
2.310000000000000000e+06 -9.990595431823355854e-01 -9.894611769539151114e-01
2.312500000000000000e+06 -9.977280632308693775e-01 -9.926077510763318124e-01
2.315000000000000000e+06 -9.958029551110905153e-01 -9.951995066645903387e-01
2.317500000000000000e+06 -9.932716293346061098e-01 -9.972349950557763965e-01
2.320000000000000000e+06 -9.901213802813256804e-01 -9.987130785127681376e-01
2.322500000000000000e+06 -9.863394235969857871e-01 -9.996329308601753505e-01
2.325000000000000000e+06 -9.819129378288617982e-01 -9.999940379461278450e-01
2.327500000000000000e+06 -9.768291104422724969e-01 -9.997961979296630108e-01
2.330000000000000000e+06 -9.710751883404664664e-01 -9.990395213935440166e-01
2.332500000000000000e+06 -9.646385329862436908e-01 -9.977244312824502526e-01
2.335000000000000000e+06 -9.575066801948508566e-01 -9.958516626665704363e-01
2.337500000000000000e+06 -9.496674046340239927e-01 -9.934222623307379374e-01
2.340000000000000000e+06 -9.411087890283275081e-01 -9.904375881893258127e-01
2.342500000000000000e+06 -9.318192980209454301e-01 -9.868993085272439458e-01
2.345000000000000000e+06 -9.217878565967019266e-01 -9.828094010674496284e-01
2.347500000000000000e+06 -9.110039329153635235e-01 -9.781701518654938310e-01
2.350000000000000000e+06 -8.994576253442052582e-01 -9.729841540317384352e-01
2.352500000000000000e+06 -8.871397534136883367e-01 -9.672543062819249915e-01
2.355000000000000000e+06 -8.740419523501943289e-01 -9.609838113169484330e-01
2.357500000000000000e+06 -8.601567707655883854e-01 -9.541761740326930585e-01
2.360000000000000000e+06 -8.454777710056602391e-01 -9.468351995609812777e-01
2.362500000000000000e+06 -8.299996315789461843e-01 -9.389649911426890538e-01
2.365000000000000000e+06 -8.137182510052387574e-01 -9.305699478342301934e-01
2.367500000000000000e+06 -7.966308523403355935e-01 -9.216547620487177683e-01
2.370000000000000000e+06 -7.787360875517407299e-01 -9.122244169331187313e-01
2.372500000000000000e+06 -7.600341408407349508e-01 -9.022841835829393808e-01
2.375000000000000000e+06 -7.405268299311240643e-01 -8.918396180959370367e-01
2.377500000000000000e+06 -7.202177042761304104e-01 -8.808965584665268134e-01
2.380000000000000000e+06 -6.991121390741814601e-01 -8.694611213226546287e-01
2.382500000000000000e+06 -6.772174239340034152e-01 -8.575396985068781674e-01
2.385000000000000000e+06 -6.545428449914991731e-01 -8.451389535036726297e-01
2.387500000000000000e+06 -6.310997592575883219e-01 -8.322658177148430925e-01
2.390000000000000000e+06 -6.069016599693849434e-01 -8.189274865852410601e-01
2.392500000000000000e+06 -5.819642317288944433e-01 -8.051314155808565465e-01
2.395000000000000000e+06 -5.563053942451613443e-01 -7.908853160215693068e-01
2.397500000000000000e+06 -5.299453335491330908e-01 -7.761971507709323204e-01
2.400000000000000000e+06 -5.029065196261239823e-01 -7.610751297852916819e-01
2.402500000000000000e+06 -4.752137095093375008e-01 -7.455277055248581419e-01
2.405000000000000000e+06 -4.468939349992524512e-01 -7.295635682291889967e-01
2.407500000000000000e+06 -4.179764743173941532e-01 -7.131916410597589628e-01
2.410000000000000000e+06 -3.884928071677148931e-01 -6.964210751123892651e-01
2.412500000000000000e+06 -3.584765528627464892e-01 -6.792612443022001401e-01
2.415000000000000000e+06 -3.279633913724423477e-01 -6.617217401240905739e-01
2.417500000000000000e+06 -2.969909673679923534e-01 -6.438123662915546941e-01
2.420000000000000000e+06 -2.655987775574051857e-01 -6.255431332568743841e-01
2.422500000000000000e+06 -2.338280418399550087e-01 -6.069242526158108442e-01
2.425000000000000000e+06 -2.017215590384528467e-01 -5.879661313997845973e-01
2.427500000000000000e+06 -1.693235481965913725e-01 -5.686793662589059162e-01
2.430000000000000000e+06 -1.366794766486137680e-01 -5.490747375389266605e-01
2.432500000000000000e+06 -1.038358762751606379e-01 -5.291632032556019549e-01
2.435000000000000000e+06 -7.084014954762514471e-02 -5.089558929696852418e-01
2.437500000000000000e+06 -3.774036712907579555e-02 -4.884641015660370345e-01
2.440000000000000000e+06 -4.585058938839981814e-03 -4.676992829403867624e-01
2.442500000000000000e+06 2.857699930335793823e-02 -4.466730435971236757e-01
2.445000000000000000e+06 6.169700196196560571e-02 -4.253971361618794078e-01
2.447500000000000000e+06 9.472632966623048545e-02 -4.038834528123744216e-01
2.450000000000000000e+06 1.276167636491587765e-01 -3.821440186312605736e-01
2.452500000000000000e+06 1.603206961382308837e-01 -3.601909848847411610e-01
2.455000000000000000e+06 1.927913347576222514e-01 -3.380366222305631330e-01
2.457500000000000000e+06 2.249828990015858843e-01 -3.156933138593805421e-01
2.460000000000000000e+06 2.568508069696677776e-01 -2.931735485731113422e-01
2.462500000000000000e+06 2.883518507131500042e-01 -2.704899138043631024e-01
2.465000000000000000e+06 3.194443587247590144e-01 -2.476550885806620139e-01
2.467500000000000000e+06 3.500883443056889699e-01 -2.246818364374842114e-01
2.470000000000000000e+06 3.802456387608452726e-01 -2.015829982841202683e-01
2.472500000000000000e+06 4.098800085996507359e-01 -1.783714852261880091e-01
2.475000000000000000e+06 4.389572561511780324e-01 -1.550602713490130125e-01
2.477500000000000000e+06 4.674453032335246783e-01 -1.316623864657372744e-01
2.480000000000000000e+06 4.953142577439193506e-01 -1.081909088342782044e-01
2.482500000000000000e+06 5.225364632535968168e-01 -8.465895784727996143e-02
2.485000000000000000e+06 5.490865318963306096e-01 -6.107968669896687852e-02
2.487500000000000000e+06 5.749413610283817810e-01 -3.746627503320924119e-02
2.490000000000000000e+06 6.000801343078184802e-01 -1.383192157673444368e-02
2.492500000000000000e+06 6.244843079908940497e-01 9.810163238328416246e-03
2.495000000000000000e+06 6.481375833707112566e-01 3.344676465837557316e-02
2.497500000000000000e+06 6.710258663883429398e-01 5.706467099477770255e-02
2.500000000000000000e+06 6.931372155285219216e-01 8.065068100850220079e-02
2.502500000000000000e+06 7.144617791713914201e-01 1.041916112890083207e-01
2.505000000000000000e+06 7.349917236094454243e-01 1.276743036230704731e-01
2.507500000000000000e+06 7.547211529559292309e-01 1.510856323495886333e-01
2.510000000000000000e+06 7.736460221691637829e-01 1.744125116962033928e-01
2.512500000000000000e+06 7.917640443982791876e-01 1.976419030935448184e-01
2.515000000000000000e+06 8.090745938217989153e-01 2.207608224632026384e-01
2.517500000000000000e+06 8.255786051033375816e-01 2.437563474751335835e-01
2.520000000000000000e+06 8.412784705306638466e-01 2.666156247706243376e-01
2.522500000000000000e+06 8.561779358375376514e-01 2.893258771467026036e-01
2.525000000000000000e+06 8.702819956341962815e-01 3.118744106979122743e-01
2.527500000000000000e+06 8.835967892940019830e-01 3.342486219116317936e-01
2.530000000000000000e+06 8.961294980624954221e-01 3.564360047127657638e-01
2.532500000000000000e+06 9.078882440724298508e-01 3.784241574540413433e-01
2.535000000000000000e+06 9.188819918658863717e-01 4.002007898479341130e-01
2.537500000000000000e+06 9.291204529434531345e-01 4.217537298362836196e-01
2.540000000000000000e+06 9.386139937818592793e-01 4.430709303939227017e-01
2.542500000000000000e+06 9.473735476862269467e-01 4.641404762623158042e-01
2.545000000000000000e+06 9.554105307719639173e-01 4.849505906096490682e-01
2.547500000000000000e+06 9.627367623048169731e-01 5.054896416134512238e-01
2.550000000000000000e+06 9.693643895661286924e-01 5.257461489622248241e-01
2.552500000000000000e+06 9.753058173541125919e-01 5.457087902723899431e-01
2.555000000000000000e+06 9.805736421810906656e-01 5.653664074168922582e-01
2.557500000000000000e+06 9.851805911811951644e-01 5.847080127620911671e-01
2.560000000000000000e+06 9.891394657028380610e-01 6.037227953092614285e-01
2.562500000000000000e+06 9.924630895252207763e-01 6.224001267374228430e-01
2.565000000000000000e+06 9.951642616080383918e-01 6.407295673440620565e-01
2.567500000000000000e+06 9.972557132580429640e-01 6.587008718803690765e-01
2.570000000000000000e+06 9.987500695749913504e-01 6.763039952778684416e-01
2.572500000000000000e+06 9.996598150223702239e-01 6.935290982630707424e-01
2.575000000000000000e+06 9.999972629548319336e-01 7.103665528571813104e-01
2.577500000000000000e+06 9.997745289241293243e-01 7.268069477576268866e-01
2.580000000000000000e+06 9.990035075781759089e-01 7.428410935985227947e-01
2.582500000000000000e+06 9.976958529633296324e-01 7.584600280870876787e-01
2.585000000000000000e+06 9.958629620377871250e-01 7.736550210130868077e-01
2.587500000000000000e+06 9.935159612037612886e-01 7.884175791286249790e-01
2.590000000000000000e+06 9.906656956676146430e-01 8.027394508954185381e-01
2.592500000000000000e+06 9.873227214400628338e-01 8.166126310970105440e-01
2.595000000000000000e+06 9.834972997926889615e-01 8.300293653133019589e-01
2.597500000000000000e+06 9.791993939920946577e-01 8.429821542548596724e-01
2.600000000000000000e+06 9.744386681388704785e-01 8.554637579546791049e-01
2.602500000000000000e+06 9.692244879449635198e-01 8.674671998149399155e-01
2.605000000000000000e+06 9.635659232898536875e-01 8.789857705065906579e-01
2.607500000000000000e+06 9.574717524030308402e-01 8.900130317195404928e-01
2.610000000000000000e+06 9.509504675274647045e-01 9.005428197613319918e-01
2.612500000000000000e+06 9.440102819260339784e-01 9.105692490023659103e-01
2.615000000000000000e+06 9.366591381000247685e-01 9.200867151656515475e-01
2.617500000000000000e+06 9.289047170958908417e-01 9.290898984593433108e-01
2.620000000000000000e+06 9.207544487832781677e-01 9.375737665502206220e-01
2.622500000000000000e+06 9.122155229939213905e-01 9.455335773765221052e-01
2.625000000000000000e+06 9.032949014173045077e-01 9.529648817985293396e-01
2.627500000000000000e+06 8.939993301549691296e-01 9.598635260853993767e-01
2.630000000000000000e+06 8.843353528409835240e-01 9.662256542369117573e-01
2.632500000000000000e+06 8.743093242413731980e-01 9.720477101387672292e-01
2.635000000000000000e+06 8.639274242502490431e-01 9.773264395502857527e-01
2.637500000000000000e+06 8.531956722049297559e-01 9.820588919233701475e-01
2.640000000000000000e+06 8.421199414466085109e-01 9.862424220517056472e-01
2.642500000000000000e+06 8.307059740569779915e-01 9.898746915493098486e-01
2.645000000000000000e+06 8.189593957048200146e-01 9.929536701575660818e-01
2.647500000000000000e+06 8.068857305397899582e-01 9.954776368800415387e-01
2.650000000000000000e+06 7.944904160736743215e-01 9.974451809444404571e-01
2.652500000000000000e+06 7.817788179920373004e-01 9.988552025911512366e-01
2.655000000000000000e+06 7.687562448417325500e-01 9.997069136879620510e-01
2.657500000000000000e+06 7.554279625419922928e-01 9.999998381705843542e-01
2.660000000000000000e+06 7.417992086689086939e-01 9.997338123087513573e-01
2.662500000000000000e+06 7.278752064650915177e-01 9.989089847977340453e-01
2.665000000000000000e+06 7.136611785280621012e-01 9.975258166752291045e-01
2.667500000000000000e+06 6.991623601327149329e-01 9.955850810636590609e-01
2.670000000000000000e+06 6.843840121447989366e-01 9.930878627380393953e-01
2.672500000000000000e+06 6.693314334840005930e-01 9.900355575196377877e-01
2.675000000000000000e+06 6.540099730968090830e-01 9.864298714957840941e-01
2.677500000000000000e+06 6.384250414009559060e-01 9.822728200662509401e-01
2.680000000000000000e+06 6.225821211648774334e-01 9.775667268167401724e-01
2.682500000000000000e+06 6.064867777873177435e-01 9.723142222201233142e-01
2.685000000000000000e+06 5.901446689440574822e-01 9.665182421661256962e-01
2.687500000000000000e+06 5.735615535705246293e-01 9.601820263203227901e-01
2.690000000000000000e+06 5.567433001511613577e-01 9.533091163133136092e-01
2.692500000000000000e+06 5.396958942884558796e-01 9.459033537611373221e-01
2.695000000000000000e+06 5.224254455268871888e-01 9.379688781179957857e-01
2.697500000000000000e+06 5.049381934094099300e-01 9.295101243624958043e-01
2.700000000000000000e+06 4.872405127467073216e-01 9.205318205187328351e-01
2.702500000000000000e+06 4.693389180822028495e-01 9.110389850135398593e-01
2.705000000000000000e+06 4.512400673386547933e-01 9.010369238714533990e-01
2.707500000000000000e+06 4.329507646353316086e-01 8.905312277489023653e-01
2.710000000000000000e+06 4.144779622678768649e-01 8.795277688092968393e-01
2.712500000000000000e+06 3.958287618464014224e-01 8.680326974408034690e-01
2.715000000000000000e+06 3.770104145908230175e-01 8.560524388185559719e-01
2.717500000000000000e+06 3.580303207860752734e-01 8.435936893133251235e-01
2.720000000000000000e+06 3.388960284035619219e-01 8.306634127485691410e-01
2.722500000000000000e+06 3.196152308989734792e-01 8.172688365079896489e-01
2.725000000000000000e+06 3.001957642005343985e-01 8.034174474958097889e-01
2.727500000000000000e+06 2.806456029055597323e-01 7.891169879519337460e-01
2.730000000000000000e+06 2.609728557071624433e-01 7.743754511244513861e-01
2.732500000000000000e+06 2.411857600768215482e-01 7.592010768017751765e-01
2.735000000000000000e+06 2.212926762323662588e-01 7.436023467070362880e-01
2.737500000000000000e+06 2.013020804246926920e-01 7.275879797572103458e-01
2.740000000000000000e+06 1.812225575801869881e-01 7.111669271896590150e-01
2.742500000000000000e+06 1.610627933393520839e-01 6.943483675588664195e-01
2.745000000000000000e+06 1.408315655354681617e-01 6.771417016060428118e-01
2.747500000000000000e+06 1.205377351602660851e-01 6.595565470046106382e-01
2.750000000000000000e+06 1.001902368665406329e-01 6.416027329843879690e-01
2.752500000000000000e+06 7.979806906025885271e-02 6.232902948375188545e-01
2.755000000000000000e+06 5.937028363711141510e-02 6.046294683092806599e-01
2.757500000000000000e+06 3.891597542059661852e-02 5.856306838767660894e-01
2.760000000000000000e+06 1.844427136038771786e-02 5.663045609188077645e-01
2.762500000000000000e+06 -2.035680448746293378e-03 5.466619017802265557e-01
2.765000000000000000e+06 -2.251472186616707352e-02 5.267136857338965417e-01
2.767500000000000000e+06 -4.298369586075804355e-02 5.064710628438585660e-01
2.770000000000000000e+06 -6.343345766009399200e-02 4.859453477329686022e-01
2.772500000000000000e+06 -8.385488583111683214e-02 4.651480132586270910e-01
2.775000000000000000e+06 -1.042388932303880272e-01 4.440906840999709337e-01
2.777500000000000000e+06 -1.245764377628234276e-01 4.227851302602975703e-01
2.780000000000000000e+06 -1.448585328889164248e-01 4.012432604881981946e-01
2.782500000000000000e+06 -1.650762578219820420e-01 3.794771156211377838e-01
2.785000000000000000e+06 -1.852207673587517589e-01 3.574988618552691344e-01
2.787500000000000000e+06 -2.052833012888206354e-01 3.353207839450800809e-01
2.790000000000000000e+06 -2.252551933308788445e-01 3.129552783368705349e-01
2.792500000000000000e+06 -2.451278795463792126e-01 2.904148462397340147e-01
2.795000000000000000e+06 -2.648929061842779098e-01 2.677120866379806841e-01
2.797500000000000000e+06 -2.845419369136421017e-01 2.448596892489772747e-01
2.800000000000000000e+06 -3.040667594043455213e-01 2.218704274301693535e-01
2.802500000000000000e+06 -3.234592912195570769e-01 1.987571510394626484e-01
2.805000000000000000e+06 -3.427115849874902698e-01 1.755327792527339725e-01
2.807500000000000000e+06 -3.618158328235811516e-01 1.522102933427010585e-01
2.810000000000000000e+06 -3.807643699781658730e-01 1.288027294230134623e-01
2.812500000000000000e+06 -3.995496776886086066e-01 1.053231711616902377e-01
2.815000000000000000e+06 -4.181643852187455490e-01 8.178474246804719183e-02
2.817500000000000000e+06 -4.366012710723796153e-01 5.820060015702555045e-02
2.820000000000000000e+06 -4.548532633714488793e-01 3.458392659523410601e-02
2.822500000000000000e+06 -4.729134393932586944e-01 1.094792233263846767e-02
2.825000000000000000e+06 -4.907750242648604710e-01 -1.269420127591346266e-02
2.827500000000000000e+06 -5.084313888162675932e-01 -3.632922945513428203e-02
2.830000000000000000e+06 -5.258760465976903831e-01 -5.994395139575831727e-02
2.832500000000000000e+06 -5.431026500692524017e-01 -8.352516763867946781e-02
2.835000000000000000e+06 -5.601049859748975512e-01 -1.070596974528159745e-01
2.837500000000000000e+06 -5.768769699151964359e-01 -1.305343862025069579e-01
2.840000000000000000e+06 -5.934126401366440762e-01 -1.539361127002523144e-01
2.842500000000000000e+06 -6.097061505577361373e-01 -1.772517965408625384e-01
2.845000000000000000e+06 -6.257517630547027032e-01 -2.004684054127007231e-01
2.847500000000000000e+06 -6.415438390321105411e-01 -2.235729623821547385e-01
2.850000000000000000e+06 -6.570768303058350801e-01 -2.465525531470511011e-01
2.852500000000000000e+06 -6.723452693279917680e-01 -2.693943332551309022e-01
2.855000000000000000e+06 -6.873437587853925557e-01 -2.920855352834823004e-01
2.857500000000000000e+06 -7.020669606049394496e-01 -3.146134759748493437e-01
2.860000000000000000e+06 -7.165095844011837301e-01 -3.369655633269984518e-01
2.862500000000000000e+06 -7.306663754029125712e-01 -3.591293036309762821e-01
2.865000000000000000e+06 -7.445321018973125593e-01 -3.810923084544939887e-01
2.867500000000000000e+06 -7.581015422318335695e-01 -4.028423015664668316e-01
2.870000000000000000e+06 -7.713694714155177046e-01 -4.243671257987725043e-01
2.872500000000000000e+06 -7.843306473631147524e-01 -4.456547498415578956e-01
2.875000000000000000e+06 -7.969797968270546651e-01 -4.666932749680933190e-01
2.877500000000000000e+06 -8.093116010640074576e-01 -4.874709416856221056e-01
2.880000000000000000e+06 -8.213206812846675087e-01 -5.079761363082897496e-01
2.882500000000000000e+06 -8.330015839373376973e-01 -5.281973974486378065e-01
2.885000000000000000e+06 -8.443487658780146621e-01 -5.481234224239697195e-01
2.887500000000000000e+06 -8.553565794820237045e-01 -5.677430735739475987e-01
2.890000000000000000e+06 -8.660192577547618509e-01 -5.870453844860400450e-01
2.892500000000000000e+06 -8.763308995018720404e-01 -6.060195661251620569e-01
2.895000000000000000e+06 -8.862854546222331820e-01 -6.246550128642288646e-01
2.897500000000000000e+06 -8.958767095904401900e-01 -6.429413084121921029e-01
2.900000000000000000e+06 -9.050982731991188412e-01 -6.608682316361913500e-01
2.902500000000000000e+06 -9.139435626353205055e-01 -6.784257622747047467e-01
2.905000000000000000e+06 -9.224057899696097573e-01 -6.956040865383406047e-01
2.907500000000000000e+06 -9.304779491410246628e-01 -7.123936025952755102e-01
2.910000000000000000e+06 -9.381528035261650356e-01 -7.287849259382177536e-01
2.912500000000000000e+06 -9.454228741859622698e-01 -7.447688946298463009e-01
2.915000000000000000e+06 -9.522804288894292091e-01 -7.603365744239188873e-01
2.917500000000000000e+06 -9.587174720197130240e-01 -7.754792637590346427e-01
2.920000000000000000e+06 -9.647257354741378688e-01 -7.901884986224131380e-01
2.922500000000000000e+06 -9.702966706765611127e-01 -8.044560572808256982e-01
2.925000000000000000e+06 -9.754214418272654230e-01 -8.182739648761510054e-01
2.927500000000000000e+06 -9.800909205226600029e-01 -8.316344978829375290e-01
2.930000000000000000e+06 -9.842956818842948374e-01 -8.445301884254423630e-01
2.932500000000000000e+06 -9.880260023439108030e-01 -8.569538284518358751e-01
2.935000000000000000e+06 -9.912718592384688332e-01 -8.688984737631185729e-01
2.937500000000000000e+06 -9.940229323761287095e-01 -8.803574478945952464e-01
2.940000000000000000e+06 -9.962686077409016461e-01 -8.913243458476984848e-01
2.942500000000000000e+06 -9.979979835100162289e-01 -9.017930376700410422e-01
2.945000000000000000e+06 -9.991998785637452585e-01 -9.117576718817823611e-01
2.947500000000000000e+06 -9.998628436723578927e-01 -9.212126787462900923e-01
2.950000000000000000e+06 -9.999751755487691351e-01 -9.301527733833707678e-01
2.952500000000000000e+06 -9.995249339581370185e-01 -9.385729587232359838e-01
2.955000000000000000e+06 -9.984999620768344464e-01 -9.464685282996256888e-01
2.957500000000000000e+06 -9.968879102926402336e-01 -9.538350688804961841e-01
2.960000000000000000e+06 -9.946762636353468912e-01 -9.606684629347813642e-01
2.962500000000000000e+06 -9.918523730219505063e-01 -9.669648909339070286e-01
2.965000000000000000e+06 -9.884034904928721277e-01 -9.727208334867023520e-01
2.967500000000000000e+06 -9.843168086048728060e-01 -9.779330733065726422e-01
2.970000000000000000e+06 -9.795795041321676555e-01 -9.825986970098070650e-01
2.972500000000000000e+06 -9.741787862093442829e-01 -9.867150967440045939e-01
2.975000000000000000e+06 -9.681019490277046335e-01 -9.902799716457461043e-01
2.977500000000000000e+06 -9.613364291702731768e-01 -9.932913291266534106e-01
2.980000000000000000e+06 -9.538698676396307752e-01 -9.957474859871523476e-01
2.982500000000000000e+06 -9.456901765966939655e-01 -9.976470693572989656e-01
2.985000000000000000e+06 -9.367856107873381299e-01 -9.989890174641413711e-01
2.987500000000000000e+06 -9.271448435872229332e-01 -9.997725802252022120e-01
2.990000000000000000e+06 -9.167570475432713639e-01 -9.999973196677349740e-01
2.992500000000000000e+06 -9.056119792329380136e-01 -9.996631101735308222e-01
2.995000000000000000e+06 -8.937000681999272000e-01 -9.987701385491315476e-01
2.997500000000000000e+06 -8.810125096575318615e-01 -9.973189039214156448e-01
3.000000000000000000e+06 -8.675413605788091509e-01 -9.953102174586083706e-01
3.002500000000000000e+06 -8.532796387167961294e-01 -9.927452019168832020e-01
3.005000000000000000e+06 -8.382214240188432530e-01 -9.896252910127908420e-01
3.007500000000000000e+06 -8.223619618176343238e-01 -9.859522286218890263e-01
3.010000000000000000e+06 -8.056977670988436646e-01 -9.817280678039996822e-01
3.012500000000000000e+06 -7.882267290629040302e-01 -9.769551696556467713e-01
3.015000000000000000e+06 -7.699482151174726896e-01 -9.716362019903289626e-01
3.017500000000000000e+06 -7.508631733596720093e-01 -9.657741378473326810e-01
3.020000000000000000e+06 -7.309742325348185243e-01 -9.593722538299617186e-01
3.022500000000000000e+06 -7.102857983930812580e-01 -9.524341282740740322e-01
3.025000000000000000e+06 -6.888041453094877475e-01 -9.449636392479623392e-01
3.027500000000000000e+06 -6.665375019879717922e-01 -9.369649623847213782e-01
3.030000000000000000e+06 -6.434961300389291372e-01 -9.284425685482575741e-01
3.032500000000000000e+06 -6.196923942040296618e-01 -9.194012213343175643e-01
3.035000000000000000e+06 -5.951408230038722769e-01 -9.098459744078531974e-01
3.037500000000000000e+06 -5.698581586051360004e-01 -8.997821686782924155e-01
3.040000000000000000e+06 -5.438633947458021423e-01 -8.892154293142278121e-01
3.042500000000000000e+06 -5.171778016207871920e-01 -8.781516625992161762e-01
3.045000000000000000e+06 -4.898249367168597823e-01 -8.665970526304812571e-01
3.047500000000000000e+06 -4.618306406951616094e-01 -8.545580578622833379e-01
3.050000000000000000e+06 -4.332230175517092774e-01 -8.420414074959874373e-01
3.052500000000000000e+06 -4.040323984401416602e-01 -8.290540977187633720e-01
3.055000000000000000e+06 -3.742912887151252366e-01 -8.156033877930515263e-01
3.057500000000000000e+06 -3.440342979470388807e-01 -8.016967959990228820e-01
3.060000000000000000e+06 -3.132980528662696607e-01 -7.873420954322005727e-01
3.062500000000000000e+06 -2.821210934150900629e-01 -7.725473096587178734e-01
3.065000000000000000e+06 -2.505437523128722366e-01 -7.573207082305084548e-01
3.067500000000000000e+06 -2.186080187720975399e-01 -7.416708020630671250e-01
3.070000000000000000e+06 -1.863573872333000037e-01 -7.256063386782576341e-01
3.072500000000000000e+06 -1.538366922121419955e-01 -7.091362973148653825e-01
3.075000000000000000e+06 -1.210919305659946543e-01 -6.922698839096839141e-01
3.077500000000000000e+06 -8.817007268605668580e-02 -6.750165259518108307e-01
3.080000000000000000e+06 -5.511886429913780833e-02 -6.573858672131854819e-01
3.082500000000000000e+06 -2.198662071684243102e-02 -6.393877623581830649e-01
3.085000000000000000e+06 1.117798450507315536e-02 -6.210322714353290197e-01
3.087500000000000000e+06 4.432613444104268469e-02 -6.023296542542686538e-01
3.090000000000000000e+06 7.740908508804023036e-02 -5.832903646509981499e-01
3.092500000000000000e+06 1.103783809364096979e-01 -5.639250446447270360e-01
3.095000000000000000e+06 1.431860676917675046e-01 -5.442445184895010613e-01
3.097500000000000000e+06 1.757849000686177998e-01 -5.242597866239621096e-01
3.100000000000000000e+06 2.081285426588515841e-01 -5.039820195226899502e-01
3.102500000000000000e+06 2.401717619933664283e-01 -4.834225514524126965e-01
3.105000000000000000e+06 2.718706080596819397e-01 -4.625928741367620889e-01
3.107500000000000000e+06 3.031825837090459386e-01 -4.415046303329202004e-01
3.110000000000000000e+06 3.340668005789109718e-01 -4.201696073239389317e-01
3.112500000000000000e+06 3.644841203663857776e-01 -3.985997303302144523e-01
3.115000000000000000e+06 3.943972805102736179e-01 -3.768070558438604833e-01
3.117500000000000000e+06 4.237710035687181631e-01 -3.548037648897719998e-01
3.120000000000000000e+06 4.525720898113810287e-01 -3.326021562169840795e-01
3.122500000000000000e+06 4.807694927746379854e-01 -3.102146394243266436e-01
3.125000000000000000e+06 5.083343777509981010e-01 -2.876537280240543115e-01
3.127500000000000000e+06 5.352401633959738003e-01 -2.649320324473926624e-01
3.130000000000000000e+06 5.614625468331900793e-01 -2.420622529959798597e-01
3.132500000000000000e+06 5.869795128188777245e-01 -2.190571727429727888e-01
3.135000000000000000e+06 6.117713276875036410e-01 -1.959296503879978391e-01
3.137500000000000000e+06 6.358205189396715085e-01 -1.726926130697198081e-01
3.140000000000000000e+06 6.591118414502457057e-01 -1.493590491402606857e-01
3.142500000000000000e+06 6.816322313686370427e-01 -1.259420009053339173e-01
3.145000000000000000e+06 7.033707488544373998e-01 -1.024545573342206389e-01
3.147500000000000000e+06 7.243185108403153993e-01 -7.890984674373396901e-02
3.150000000000000000e+06 7.444686150420074533e-01 -5.532102946008412431e-02
3.152500000000000000e+06 7.638160564430440669e-01 -3.170129046295790121e-02
